,anomaly_type,type,is_clustered,ready,pre_script_start,pre_script_end,submit,stage_in_start,stage_in_end,stage_in_effective_bytes_per_sec,execute_start,execute_end,stage_out_start,stage_out_end,stage_out_effective_bytes_per_sec,post_script_start,post_script_end,wms_delay,pre_script_delay,queue_delay,runtime,post_script_delay,stage_in_delay,stage_in_bytes,stage_out_delay,stage_out_bytes,kickstart_user,kickstart_site,kickstart_hostname,kickstart_transformations,kickstart_executables,kickstart_executables_argv,kickstart_executables_cpu_time,kickstart_status,kickstart_executables_exitcode,kickstart_online_iowait,kickstart_online_bytes_read,kickstart_online_bytes_written,kickstart_online_read_system_calls,kickstart_online_write_system_calls,kickstart_online_utime,kickstart_online_stime,kickstart_online_bytes_read_per_second,kickstart_online_bytes_written_per_second
create_dir_predict-future-sales_0_local,None,auxiliary,0,1677153967.0,,,1677153968.0,,,0.0,1677153972.0,1677153978.0,,,0.0,1677153978.0,1677153983.0,1.0,,4.0,6.0,5.0,,,,,poseidon,local,host-10-100-100-12.openstacklocal,pegasus::dirmanager,/home/poseidon/pegasus-5.1.0panorama/bin/pegasus-transfer,pegasus-kickstart  -n pegasus::dirmanager -N null -i - -R local  -L predict-future-sales -T 2023-02-17T19:59:06+00:00 pegasus-transfer,0.3,0,0,,,,,,,,,
create_dir_predict-future-sales_0_condorpool,None,auxiliary,0,1677153967.0,,,1677153968.0,,,0.0,1677153972.0,1677153978.0,,,0.0,1677153978.0,1677153983.0,1.0,,4.0,6.0,5.0,,,,,poseidon,local,host-10-100-100-12.openstacklocal,pegasus::dirmanager,/home/poseidon/pegasus-5.1.0panorama/bin/pegasus-transfer,pegasus-kickstart  -n pegasus::dirmanager -N null -i - -R local  -L predict-future-sales -T 2023-02-17T19:59:06+00:00 pegasus-transfer,0.3,0,0,,,,,,,,,
stage_in_local_local_4_0,None,transfer,0,1677153983.0,,,1677153988.0,1677153989.0,1677153991.0,5799.0,1677153988.0,1677153998.0,,,0.0,1677153998.0,1677154003.0,5.0,,0.0,10.0,5.0,2.0,12577.0,,,poseidon,local,host-10-100-100-12.openstacklocal,pegasus::transfer,/home/poseidon/pegasus-5.1.0panorama/bin/pegasus-transfer,pegasus-kickstart  -n pegasus::transfer -N null -i - -R local  -L predict-future-sales -T 2023-02-17T19:59:06+00:00 pegasus-transfer  --threads 2,0.4,0,0,,,,,,,,,
stage_in_local_condorpool_8_0,None,transfer,0,1677153983.0,,,1677153988.0,1677153989.0,1677153992.0,676.0,1677153988.0,1677153998.0,,,0.0,1677153998.0,1677154003.0,5.0,,0.0,10.0,5.0,3.0,2368.0,,,poseidon,local,host-10-100-100-12.openstacklocal,pegasus::transfer,/home/poseidon/pegasus-5.1.0panorama/bin/pegasus-transfer,pegasus-kickstart  -n pegasus::transfer -N null -i - -R local  -L predict-future-sales -T 2023-02-17T19:59:06+00:00 pegasus-transfer  --threads 2,0.5,0,0,,,,,,,,,
stage_in_local_condorpool_3_0,None,transfer,0,1677153983.0,,,1677153988.0,1677153989.0,1677153993.0,2978.0,1677153988.0,1677153998.0,,,0.0,1677153998.0,1677154003.0,5.0,,0.0,10.0,5.0,4.0,12704.0,,,poseidon,local,host-10-100-100-12.openstacklocal,pegasus::transfer,/home/poseidon/pegasus-5.1.0panorama/bin/pegasus-transfer,pegasus-kickstart  -n pegasus::transfer -N null -i - -R local  -L predict-future-sales -T 2023-02-17T19:59:06+00:00 pegasus-transfer  --threads 2,0.6,0,0,,,,,,,,,
stage_in_local_condorpool_2_0,None,transfer,0,1677153983.0,,,1677153988.0,1677153989.0,1677153994.0,9874.0,1677153988.0,1677154003.0,,,0.0,1677154003.0,1677154008.0,5.0,,0.0,15.0,5.0,5.0,55480.0,,,poseidon,local,host-10-100-100-12.openstacklocal,pegasus::transfer,/home/poseidon/pegasus-5.1.0panorama/bin/pegasus-transfer,pegasus-kickstart  -n pegasus::transfer -N null -i - -R local  -L predict-future-sales -T 2023-02-17T19:59:06+00:00 pegasus-transfer  --threads 2,1.1,0,0,,,,,,,,,
stage_in_local_condorpool_1_0,None,transfer,0,1677153983.0,,,1677153988.0,1677153989.0,1677153993.0,3727.0,1677153988.0,1677153998.0,,,0.0,1677153998.0,1677154003.0,5.0,,0.0,10.0,5.0,4.0,15640.0,,,poseidon,local,host-10-100-100-12.openstacklocal,pegasus::transfer,/home/poseidon/pegasus-5.1.0panorama/bin/pegasus-transfer,pegasus-kickstart  -n pegasus::transfer -N null -i - -R local  -L predict-future-sales -T 2023-02-17T19:59:06+00:00 pegasus-transfer  --threads 2,0.6,0,0,,,,,,,,,
stage_in_local_condorpool_0_0,None,transfer,0,1677153983.0,,,1677153988.0,1677153989.0,1677153998.0,97705188.0,1677153988.0,1677154003.0,,,0.0,1677154003.0,1677154008.0,5.0,,0.0,15.0,5.0,9.0,936801734.0,,,poseidon,local,host-10-100-100-12.openstacklocal,pegasus::transfer,/home/poseidon/pegasus-5.1.0panorama/bin/pegasus-transfer,pegasus-kickstart  -n pegasus::transfer -N null -i - -R local  -L predict-future-sales -T 2023-02-17T19:59:06+00:00 pegasus-transfer  --threads 2,5.8,0,0,,,,,,,,,
stage_in_local_condorpool_7_0,None,transfer,0,1677153983.0,,,1677153988.0,1677153989.0,1677153992.0,1009.0,1677153988.0,1677153998.0,,,0.0,1677153998.0,1677154003.0,5.0,,0.0,10.0,5.0,3.0,3488.0,,,poseidon,local,host-10-100-100-12.openstacklocal,pegasus::transfer,/home/poseidon/pegasus-5.1.0panorama/bin/pegasus-transfer,pegasus-kickstart  -n pegasus::transfer -N null -i - -R local  -L predict-future-sales -T 2023-02-17T19:59:06+00:00 pegasus-transfer  --threads 2,0.5,0,0,,,,,,,,,
stage_in_local_condorpool_6_0,None,transfer,0,1677153983.0,,,1677153988.0,1677153989.0,1677153992.0,2277.0,1677153988.0,1677153998.0,,,0.0,1677153998.0,1677154003.0,5.0,,0.0,10.0,5.0,3.0,7870.0,,,poseidon,local,host-10-100-100-12.openstacklocal,pegasus::transfer,/home/poseidon/pegasus-5.1.0panorama/bin/pegasus-transfer,pegasus-kickstart  -n pegasus::transfer -N null -i - -R local  -L predict-future-sales -T 2023-02-17T19:59:06+00:00 pegasus-transfer  --threads 2,0.5,0,0,,,,,,,,,
preprocess_ID0000003,None,compute,0,1677154008.0,,,1677154013.0,1677153986.0,1677154005.0,45664083.4,1677154028.0,1677154078.0,1677154017.0,1677154024.0,23290987.0,1677154078.0,1677154083.0,5.0,,15.0,50.0,5.0,19.0,467356066.0,7.0,160257914.0,poseidon,condorpool,poseidon-worker-3-container-40-47,preprocess,/srv/preprocess,,4.5,0,0,,,,,,,,,
nlp_ID0000002,None,compute,0,1677154008.0,,,1677154013.0,1677153987.0,1677154003.0,44257790.0,1677154028.0,1677154368.0,1677154312.0,1677154317.0,605391.0,1677154368.0,1677154373.0,5.0,,15.0,340.0,5.0,16.0,369033604.0,5.0,2755872.0,poseidon,condorpool,poseidon-worker-1-container-0-7,nlp,/srv/nlp,,1820.6,0,0,0.1,21427092.0,8791.0,3166.0,5.0,1804.6,2.6,71423.6,879.1
eda_ID0000001,None,compute,0,1677154008.0,,,1677154013.0,1677153986.0,1677154004.0,48366623.3,1677154028.0,1677154098.0,1677154044.0,1677154048.0,278684.0,1677154098.0,1677154103.0,5.0,,15.0,70.0,5.0,18.0,464177772.0,4.0,1194936.0,poseidon,condorpool,poseidon-worker-3-container-0-7,eda,/srv/eda,,33.7,0,0,0.0,144952901.0,848352.0,27581.0,40.0,28.0,1.9,4831763.4,28278.4
feature_eng_1_ID0000005,None,compute,0,1677154083.0,,,1677154088.0,1677154057.0,1677154076.0,49587116.8,1677154099.0,1677154163.0,1677154101.0,1677154111.0,38984660.0,1677154163.0,1677154168.0,5.0,,11.0,64.0,5.0,19.0,528250191.0,10.0,393324463.0,poseidon,condorpool,poseidon-worker-3-container-0-7,feature_eng_1,/srv/feature_eng_1,,15.9,0,0,0.0,169608282.0,8.0,1721.0,1.0,8.0,2.0,16960828.2,0.8
feature_eng_0_ID0000004,None,compute,0,1677154083.0,,,1677154088.0,1677154047.0,1677154065.0,44994740.0,1677154089.0,1677154133.0,1677154076.0,1677154080.0,204170.0,1677154133.0,1677154138.0,5.0,,1.0,44.0,5.0,18.0,369949088.0,4.0,893320.0,poseidon,condorpool,poseidon-worker-3-container-40-47,feature_eng_0,/srv/feature_eng_0,,5.1,0,0,,,,,,,,,
feature_eng_5_ID0000009,None,compute,0,1677154168.0,,,1677154173.0,1677154132.0,1677154157.0,51997636.2,1677154174.0,1677154453.0,1677154387.0,1677154401.0,47058282.0,1677154453.0,1677154458.0,5.0,,1.0,279.0,5.0,25.0,856820455.0,14.0,655540227.0,poseidon,condorpool,poseidon-worker-3-container-40-47,feature_eng_5,/srv/feature_eng_5,,219.4,0,0,0.0,498293524.0,8.0,2018.0,1.0,191.9,18.1,2372826.3,0.8
stage_out_local_condorpool_1_0,None,transfer,0,1677154168.0,,,1677154173.0,,,0.0,1677154173.0,1677154183.0,1677154173.0,1677154177.0,92823127.0,1677154183.0,1677154188.0,5.0,,0.0,10.0,5.0,,,4.0,394217783.0,poseidon,local,host-10-100-100-12.openstacklocal,pegasus::transfer,/home/poseidon/pegasus-5.1.0panorama/bin/pegasus-transfer,pegasus-kickstart  -n pegasus::transfer -N null -i - -R local  -L predict-future-sales -T 2023-02-17T19:59:06+00:00 pegasus-transfer  --threads 2,2.2,0,0,,,,,,,,,
feature_eng_3_ID0000007,None,compute,0,1677154168.0,,,1677154173.0,1677154132.0,1677154153.0,57348572.2,1677154174.0,1677154348.0,1677154276.0,1677154297.0,54236520.0,1677154348.0,1677154353.0,5.0,,1.0,174.0,5.0,21.0,762217561.0,21.0,1179971921.0,poseidon,condorpool,poseidon-worker-3-container-0-7,feature_eng_3,/srv/feature_eng_3,,110.3,0,0,0.0,403629962.0,655539791.0,1454.0,12.0,74.8,35.2,3669363.3,32776989.5
feature_eng_4_ID0000008,None,compute,0,1677154168.0,,,1677154173.0,1677154146.0,1677154169.0,56642020.5,1677154188.0,1677154308.0,1677154232.0,1677154254.0,54383303.0,1677154308.0,1677154313.0,5.0,,15.0,120.0,5.0,23.0,761328752.0,22.0,1201824259.0,poseidon,condorpool,poseidon-worker-3-container-40-47,feature_eng_4,/srv/feature_eng_4,,51.2,0,0,0.0,402739154.0,21851721.0,1401.0,4.0,37.3,12.7,8054783.1,1092586.0
feature_eng_2_ID0000006,None,compute,0,1677154168.0,,,1677154173.0,1677154146.0,1677154171.0,48236321.6,1677154188.0,1677154553.0,1677154470.0,1677154501.0,57911444.0,1677154553.0,1677154558.0,5.0,,15.0,365.0,5.0,25.0,761320658.0,31.0,1748107178.0,poseidon,condorpool,poseidon-worker-3-container-0-7,feature_eng_2,/srv/feature_eng_2,,285.1,0,0,0.0,402814114.0,8.0,1742.0,1.0,212.2,67.8,1438621.8,0.8
register_condorpool_1_0,None,auxiliary,0,1677154188.0,,,1677154193.0,,,0.0,1677154193.0,1677154198.0,,,0.0,1677154198.0,1677154203.0,5.0,,0.0,5.0,5.0,,,,,poseidon,local,host-10-100-100-12.openstacklocal,pegasus::rc-client,/home/poseidon/pegasus-5.1.0panorama/bin/pegasus-rc-client,"pegasus-kickstart  -n pegasus::rc-client -N null -R local  -L predict-future-sales -T 2023-02-17T19:59:06+00:00 /home/poseidon/pegasus-5.1.0panorama/bin/pegasus-rc-client --prefix pegasus.catalog.replica.output --conf /home/poseidon/workflows/predict-future-sales-workflow/submit/poseidon/pegasus/predict-future-sales/run0114/pegasus.11148584324727897586.properties -v --meta /home/poseidon/workflows/predict-future-sales-workflow/submit/poseidon/pegasus/predict-future-sales/run0114/00/00/feature_eng_0_ID0000004.meta,/home/poseidon/workflows/predict-future-sales-workflow/submit/poseidon/pegasus/predict-future-sales/run0114/00/00/feature_eng_1_ID0000005.meta --insert /home/poseidon/workflows/predict-future-sales-workflow/submit/poseidon/pegasus/predict-future-sales/run0114/00/00/register_condorpool_1_0.in",3.0,0,0,,,,,,,,,
stage_out_local_condorpool_0_0,None,transfer,0,1677154373.0,,,1677154378.0,,,0.0,1677154378.0,1677154388.0,1677154378.0,1677154382.0,40712177.0,1677154388.0,1677154393.0,5.0,,0.0,10.0,5.0,,,4.0,164208722.0,poseidon,local,host-10-100-100-12.openstacklocal,pegasus::transfer,/home/poseidon/pegasus-5.1.0panorama/bin/pegasus-transfer,pegasus-kickstart  -n pegasus::transfer -N null -i - -R local  -L predict-future-sales -T 2023-02-17T19:59:06+00:00 pegasus-transfer  --threads 2,2.0,0,0,,,,,,,,,
register_condorpool_0_0,None,auxiliary,0,1677154393.0,,,1677154398.0,,,0.0,1677154398.0,1677154403.0,,,0.0,1677154403.0,1677154408.0,5.0,,0.0,5.0,5.0,,,,,poseidon,local,host-10-100-100-12.openstacklocal,pegasus::rc-client,/home/poseidon/pegasus-5.1.0panorama/bin/pegasus-rc-client,"pegasus-kickstart  -n pegasus::rc-client -N null -R local  -L predict-future-sales -T 2023-02-17T19:59:06+00:00 /home/poseidon/pegasus-5.1.0panorama/bin/pegasus-rc-client --prefix pegasus.catalog.replica.output --conf /home/poseidon/workflows/predict-future-sales-workflow/submit/poseidon/pegasus/predict-future-sales/run0114/pegasus.11148584324727897586.properties -v --meta /home/poseidon/workflows/predict-future-sales-workflow/submit/poseidon/pegasus/predict-future-sales/run0114/00/00/preprocess_ID0000003.meta,/home/poseidon/workflows/predict-future-sales-workflow/submit/poseidon/pegasus/predict-future-sales/run0114/00/00/eda_ID0000001.meta,/home/poseidon/workflows/predict-future-sales-workflow/submit/poseidon/pegasus/predict-future-sales/run0114/00/00/nlp_ID0000002.meta --insert /home/poseidon/workflows/predict-future-sales-workflow/submit/poseidon/pegasus/predict-future-sales/run0114/00/00/register_condorpool_0_0.in",2.9,0,0,,,,,,,,,
stage_out_local_condorpool_2_0,None,transfer,0,1677154558.0,,,1677154563.0,,,0.0,1677154563.0,1677154588.0,1677154563.0,1677154583.0,246477664.0,1677154588.0,1677154593.0,5.0,,0.0,25.0,5.0,,,20.0,4785443585.0,poseidon,local,host-10-100-100-12.openstacklocal,pegasus::transfer,/home/poseidon/pegasus-5.1.0panorama/bin/pegasus-transfer,pegasus-kickstart  -n pegasus::transfer -N null -i - -R local  -L predict-future-sales -T 2023-02-17T19:59:06+00:00 pegasus-transfer  --threads 2,21.1,0,0,,,,,,,,,
feature_merge_ID0000010,None,compute,0,1677154558.0,,,1677154563.0,1677154522.0,1677154591.0,86073654.1,1677154564.0,1677154783.0,1677154681.0,1677154730.0,60948995.0,1677154783.0,1677154788.0,5.0,,1.0,219.0,5.0,69.0,5155397110.0,49.0,2993643458.0,poseidon,condorpool,poseidon-worker-3-container-0-7,feature_merge,/srv/feature_merge,,60.8,0,0,0.0,4796859683.0,2064960888.0,1452.0,82.0,38.1,21.9,79947661.4,103248044.4
register_condorpool_2_0,None,auxiliary,0,1677154593.0,,,1677154598.0,,,0.0,1677154598.0,1677154603.0,,,0.0,1677154603.0,1677154608.0,5.0,,0.0,5.0,5.0,,,,,poseidon,local,host-10-100-100-12.openstacklocal,pegasus::rc-client,/home/poseidon/pegasus-5.1.0panorama/bin/pegasus-rc-client,"pegasus-kickstart  -n pegasus::rc-client -N null -R local  -L predict-future-sales -T 2023-02-17T19:59:06+00:00 /home/poseidon/pegasus-5.1.0panorama/bin/pegasus-rc-client --prefix pegasus.catalog.replica.output --conf /home/poseidon/workflows/predict-future-sales-workflow/submit/poseidon/pegasus/predict-future-sales/run0114/pegasus.11148584324727897586.properties -v --meta /home/poseidon/workflows/predict-future-sales-workflow/submit/poseidon/pegasus/predict-future-sales/run0114/00/00/feature_eng_5_ID0000009.meta,/home/poseidon/workflows/predict-future-sales-workflow/submit/poseidon/pegasus/predict-future-sales/run0114/00/00/feature_eng_3_ID0000007.meta,/home/poseidon/workflows/predict-future-sales-workflow/submit/poseidon/pegasus/predict-future-sales/run0114/00/00/feature_eng_4_ID0000008.meta,/home/poseidon/workflows/predict-future-sales-workflow/submit/poseidon/pegasus/predict-future-sales/run0114/00/00/feature_eng_2_ID0000006.meta --insert /home/poseidon/workflows/predict-future-sales-workflow/submit/poseidon/pegasus/predict-future-sales/run0114/00/00/register_condorpool_2_0.in",3.0,0,0,,,,,,,,,
stage_inter_local_xgboost_hp_tuning_workflow_ID0000015_0,None,transfer,0,1677154788.0,,,1677154793.0,1677154793.0,1677154795.0,401.0,1677154793.0,1677154803.0,,,0.0,1677154803.0,1677154808.0,5.0,,0.0,10.0,5.0,2.0,826.0,,,poseidon,local,host-10-100-100-12.openstacklocal,pegasus::transfer,/home/poseidon/pegasus-5.1.0panorama/bin/pegasus-transfer,pegasus-kickstart  -n pegasus::transfer -N null -i - -R local  -L predict-future-sales -T 2023-02-17T19:59:06+00:00 pegasus-transfer  --threads 2,0.3,0,0,,,,,,,,,
stage_inter_local_xgboost_model_ID0000021_0,None,transfer,0,1677154788.0,,,1677154793.0,1677154793.0,1677154831.0,70727124.0,1677154793.0,1677154839.0,,,0.0,1677154839.0,1677154844.0,5.0,,0.0,46.0,5.0,38.0,2646308508.0,,,poseidon,local,host-10-100-100-12.openstacklocal,pegasus::transfer,/home/poseidon/pegasus-5.1.0panorama/bin/pegasus-transfer,pegasus-kickstart  -n pegasus::transfer -N null -i - -R local  -L predict-future-sales -T 2023-02-17T19:59:06+00:00 pegasus-transfer  --threads 2,9.2,0,0,,,,,,,,,
stage_inter_local_model_predict_ID0000022_0,None,transfer,0,1677154788.0,,,1677154793.0,1677154793.0,1677154797.0,14542135.0,1677154793.0,1677154803.0,,,0.0,1677154803.0,1677154808.0,5.0,,0.0,10.0,5.0,4.0,54050130.0,,,poseidon,local,host-10-100-100-12.openstacklocal,pegasus::transfer,/home/poseidon/pegasus-5.1.0panorama/bin/pegasus-transfer,pegasus-kickstart  -n pegasus::transfer -N null -i - -R local  -L predict-future-sales -T 2023-02-17T19:59:06+00:00 pegasus-transfer  --threads 2,0.6,0,0,,,,,,,,,
stage_out_local_condorpool_3_0,None,transfer,0,1677154788.0,,,1677154793.0,,,0.0,1677154793.0,1677154824.0,1677154793.0,1677154816.0,132575301.0,1677154824.0,1677154829.0,5.0,,0.0,31.0,5.0,,,23.0,2993643458.0,poseidon,local,host-10-100-100-12.openstacklocal,pegasus::transfer,/home/poseidon/pegasus-5.1.0panorama/bin/pegasus-transfer,pegasus-kickstart  -n pegasus::transfer -N null -i - -R local  -L predict-future-sales -T 2023-02-17T19:59:06+00:00 pegasus-transfer  --threads 2,14.1,0,0,,,,,,,,,
stage_inter_local_xgboost_model_ID0000013_0,None,transfer,0,1677154788.0,,,1677154793.0,1677154793.0,1677154801.0,36015037.0,1677154793.0,1677154808.0,,,0.0,1677154808.0,1677154814.0,5.0,,0.0,15.0,6.0,8.0,269346726.0,,,poseidon,local,host-10-100-100-12.openstacklocal,pegasus::transfer,/home/poseidon/pegasus-5.1.0panorama/bin/pegasus-transfer,pegasus-kickstart  -n pegasus::transfer -N null -i - -R local  -L predict-future-sales -T 2023-02-17T19:59:06+00:00 pegasus-transfer  --threads 2,1.4,0,0,,,,,,,,,
stage_inter_local_model_predict_ID0000014_0,None,transfer,0,1677154788.0,,,1677154793.0,1677154793.0,1677154797.0,1267147.0,1677154793.0,1677154803.0,,,0.0,1677154803.0,1677154808.0,5.0,,0.0,10.0,5.0,4.0,4411696.0,,,poseidon,local,host-10-100-100-12.openstacklocal,pegasus::transfer,/home/poseidon/pegasus-5.1.0panorama/bin/pegasus-transfer,pegasus-kickstart  -n pegasus::transfer -N null -i - -R local  -L predict-future-sales -T 2023-02-17T19:59:06+00:00 pegasus-transfer  --threads 2,0.4,0,0,,,,,,,,,
xgboost_hp_tuning_workflow_ID0000015,None,compute,0,1677154808.0,,,1677154813.0,,,0.0,1677154814.0,1677154834.0,,,0.0,1677154834.0,1677154839.0,5.0,,1.0,20.0,5.0,,,,,poseidon,local,poseidon-submit.novalocal,xgboost_hp_tuning_workflow,/var/spool/condor/local_univ_execute/dir_3515216/xgboost_hp_tuning_workflow,/home/poseidon/workflows/predict-future-sales-workflow/submit/poseidon/pegasus/predict-future-sales/run0114/00/00/xgboost_hp_tuning_workflow_ID0000015.sh,0.1,0,0,,,,,,,,,
xgboost_hp_tuning_workflow_ID0000011,None,compute,0,1677154808.0,,,1677154813.0,,,0.0,1677154814.0,1677154834.0,,,0.0,1677154834.0,1677154839.0,5.0,,1.0,20.0,5.0,,,,,poseidon,local,poseidon-submit.novalocal,xgboost_hp_tuning_workflow,/var/spool/condor/local_univ_execute/dir_3515217/xgboost_hp_tuning_workflow,/home/poseidon/workflows/predict-future-sales-workflow/submit/poseidon/pegasus/predict-future-sales/run0114/00/00/xgboost_hp_tuning_workflow_ID0000011.sh,0.1,0,0,,,,,,,,,
xgboost_hp_tuning_workflow_ID0000019,None,compute,0,1677154808.0,,,1677154814.0,,,0.0,1677154814.0,1677154834.0,,,0.0,1677154834.0,1677154839.0,6.0,,0.0,20.0,5.0,,,,,poseidon,local,poseidon-submit.novalocal,xgboost_hp_tuning_workflow,/var/spool/condor/local_univ_execute/dir_3515218/xgboost_hp_tuning_workflow,/home/poseidon/workflows/predict-future-sales-workflow/submit/poseidon/pegasus/predict-future-sales/run0114/00/00/xgboost_hp_tuning_workflow_ID0000019.sh,0.1,0,0,,,,,,,,,
register_condorpool_3_0,None,auxiliary,0,1677154829.0,,,1677154834.0,,,0.0,1677154834.0,1677154839.0,,,0.0,1677154839.0,1677154844.0,5.0,,0.0,5.0,5.0,,,,,poseidon,local,host-10-100-100-12.openstacklocal,pegasus::rc-client,/home/poseidon/pegasus-5.1.0panorama/bin/pegasus-rc-client,pegasus-kickstart  -n pegasus::rc-client -N null -R local  -L predict-future-sales -T 2023-02-17T19:59:06+00:00 /home/poseidon/pegasus-5.1.0panorama/bin/pegasus-rc-client --prefix pegasus.catalog.replica.output --conf /home/poseidon/workflows/predict-future-sales-workflow/submit/poseidon/pegasus/predict-future-sales/run0114/pegasus.11148584324727897586.properties -v --meta /home/poseidon/workflows/predict-future-sales-workflow/submit/poseidon/pegasus/predict-future-sales/run0114/00/00/feature_merge_ID0000010.meta --insert /home/poseidon/workflows/predict-future-sales-workflow/submit/poseidon/pegasus/predict-future-sales/run0114/00/00/register_condorpool_3_0.in,3.1,0,0,,,,,,,,,
pegasus-plan_ID0000016,None,subwf,0,1677154839.0,1677154839.0,1677154844.0,1677154849.0,,,0.0,1677154850.0,1677155154.0,,,0.0,,,0.0,5.0,1.0,304.0,,,,,,poseidon,local,poseidon-submit,condor::dagman,/usr/bin/condor_dagman,-p 0  -f -l . -Notification never -Debug 3 -Lockfile xgboost_hp_tuning_group_1.dag.lock -Dag xgboost_hp_tuning_group_1.dag -AllowVersionMismatch  -AutoRescue 1 -DoRescueFrom 0,0.0,0,0,,,,,,,,,
pegasus-plan_ID0000012,None,subwf,0,1677154839.0,1677154839.0,1677154844.0,1677154849.0,,,0.0,1677154851.0,1677155119.0,,,0.0,,,0.0,5.0,2.0,268.0,,,,,,poseidon,local,poseidon-submit,condor::dagman,/usr/bin/condor_dagman,-p 0  -f -l . -Notification never -Debug 3 -Lockfile xgboost_hp_tuning_group_0.dag.lock -Dag xgboost_hp_tuning_group_0.dag -AllowVersionMismatch  -AutoRescue 1 -DoRescueFrom 0,0.0,0,0,,,,,,,,,
stage_out_local_local_4_0,None,transfer,0,1677154839.0,,,1677154844.0,,,0.0,1677154844.0,1677154854.0,1677154845.0,1677154849.0,21081.0,1677154854.0,1677154859.0,5.0,,0.0,10.0,5.0,,,4.0,85038.0,poseidon,local,host-10-100-100-12.openstacklocal,pegasus::transfer,/home/poseidon/pegasus-5.1.0panorama/bin/pegasus-transfer,pegasus-kickstart  -n pegasus::transfer -N null -i - -R local  -L predict-future-sales -T 2023-02-17T19:59:06+00:00 pegasus-transfer  --threads 2,0.5,0,0,,,,,,,,,
pegasus-plan_ID0000020,None,subwf,0,1677154839.0,1677154839.0,1677154844.0,1677154849.0,,,0.0,1677154851.0,1677155950.0,,,0.0,,,0.0,5.0,2.0,1099.0,,,,,,poseidon,local,poseidon-submit,condor::dagman,/usr/bin/condor_dagman,-p 0  -f -l . -Notification never -Debug 3 -Lockfile xgboost_hp_tuning_group_2.dag.lock -Dag xgboost_hp_tuning_group_2.dag -AllowVersionMismatch  -AutoRescue 1 -DoRescueFrom 0,0.0,0,0,,,,,,,,,
create_dir_predict-future-sales-hp-tuning_0_condorpool_pegasus-plan_ID0000016,None,auxiliary,0,1677154851.0,,,1677154852.0,,,0.0,1677154854.0,1677154862.0,,,0.0,1677154862.0,1677154867.0,1.0,,2.0,8.0,5.0,,,,,poseidon,local,host-10-100-100-12.openstacklocal,pegasus::dirmanager,/home/poseidon/pegasus-5.1.0panorama/bin/pegasus-transfer,pegasus-kickstart  -n pegasus::dirmanager -N null -i - -R local  -L xgboost_hp_tuning_group_1 -T 2023-02-23T12:20:42+00:00 pegasus-transfer,0.3,0,0,,,,,,,,,
create_dir_predict-future-sales-hp-tuning_0_condorpool_pegasus-plan_ID0000012,None,auxiliary,0,1677154851.0,,,1677154852.0,,,0.0,1677154854.0,1677154862.0,,,0.0,1677154862.0,1677154867.0,1.0,,2.0,8.0,5.0,,,,,poseidon,local,host-10-100-100-12.openstacklocal,pegasus::dirmanager,/home/poseidon/pegasus-5.1.0panorama/bin/pegasus-transfer,pegasus-kickstart  -n pegasus::dirmanager -N null -i - -R local  -L xgboost_hp_tuning_group_0 -T 2023-02-23T12:20:42+00:00 pegasus-transfer,0.3,0,0,,,,,,,,,
create_dir_predict-future-sales-hp-tuning_0_condorpool_pegasus-plan_ID0000020,None,auxiliary,0,1677154851.0,,,1677154852.0,,,0.0,1677154854.0,1677154862.0,,,0.0,1677154862.0,1677154867.0,1.0,,2.0,8.0,5.0,,,,,poseidon,local,host-10-100-100-12.openstacklocal,pegasus::dirmanager,/home/poseidon/pegasus-5.1.0panorama/bin/pegasus-transfer,pegasus-kickstart  -n pegasus::dirmanager -N null -i - -R local  -L xgboost_hp_tuning_group_2 -T 2023-02-23T12:20:42+00:00 pegasus-transfer,0.3,0,0,,,,,,,,,
register_local_4_0,None,auxiliary,0,1677154859.0,,,1677154864.0,,,0.0,1677154864.0,1677154869.0,,,0.0,1677154869.0,1677154874.0,5.0,,0.0,5.0,5.0,,,,,poseidon,local,host-10-100-100-12.openstacklocal,pegasus::rc-client,/home/poseidon/pegasus-5.1.0panorama/bin/pegasus-rc-client,"pegasus-kickstart  -n pegasus::rc-client -N null -R local  -L predict-future-sales -T 2023-02-17T19:59:06+00:00 /home/poseidon/pegasus-5.1.0panorama/bin/pegasus-rc-client --prefix pegasus.catalog.replica.output --conf /home/poseidon/workflows/predict-future-sales-workflow/submit/poseidon/pegasus/predict-future-sales/run0114/pegasus.11148584324727897586.properties -v --meta /home/poseidon/workflows/predict-future-sales-workflow/submit/poseidon/pegasus/predict-future-sales/run0114/00/00/xgboost_hp_tuning_workflow_ID0000019.meta,/home/poseidon/workflows/predict-future-sales-workflow/submit/poseidon/pegasus/predict-future-sales/run0114/00/00/xgboost_hp_tuning_workflow_ID0000015.meta,/home/poseidon/workflows/predict-future-sales-workflow/submit/poseidon/pegasus/predict-future-sales/run0114/00/00/xgboost_hp_tuning_workflow_ID0000011.meta --insert /home/poseidon/workflows/predict-future-sales-workflow/submit/poseidon/pegasus/predict-future-sales/run0114/00/00/register_local_4_0.in",2.9,0,0,,,,,,,,,
stage_in_local_condorpool_0_0_pegasus-plan_ID0000012,None,transfer,0,1677154867.0,,,1677154872.0,1677154872.0,1677154877.0,2797.0,1677154872.0,1677154887.0,,,0.0,1677154887.0,1677154892.0,5.0,,0.0,15.0,5.0,5.0,12142.0,,,poseidon,local,host-10-100-100-12.openstacklocal,pegasus::transfer,/home/poseidon/pegasus-5.1.0panorama/bin/pegasus-transfer,-n pegasus::transfer -N null -i - -R local  -L xgboost_hp_tuning_group_0 -T 2023-02-23T12:20:42+00:00 /home/poseidon/pegasus-5.1.0panorama/bin/../bin/pegasus-transfer  --threads 2,0.6,0,0,,,,,,,,,
stage_in_local_condorpool_1_0_pegasus-plan_ID0000012,None,transfer,0,1677154867.0,,,1677154872.0,1677154872.0,1677154876.0,820.0,1677154872.0,1677154882.0,,,0.0,1677154882.0,1677154887.0,5.0,,0.0,10.0,5.0,4.0,2874.0,,,poseidon,local,host-10-100-100-12.openstacklocal,pegasus::transfer,/home/poseidon/pegasus-5.1.0panorama/bin/pegasus-transfer,-n pegasus::transfer -N null -i - -R local  -L xgboost_hp_tuning_group_0 -T 2023-02-23T12:20:42+00:00 /home/poseidon/pegasus-5.1.0panorama/bin/../bin/pegasus-transfer  --threads 2,0.5,0,0,,,,,,,,,
stage_in_local_condorpool_0_1_pegasus-plan_ID0000012,None,transfer,0,1677154867.0,,,1677154872.0,1677154873.0,1677154879.0,43794428.0,1677154872.0,1677154887.0,,,0.0,1677154887.0,1677154892.0,5.0,,0.0,15.0,5.0,6.0,269346726.0,,,poseidon,local,host-10-100-100-12.openstacklocal,pegasus::transfer,/home/poseidon/pegasus-5.1.0panorama/bin/pegasus-transfer,-n pegasus::transfer -N null -i - -R local  -L xgboost_hp_tuning_group_0 -T 2023-02-23T12:20:42+00:00 /home/poseidon/pegasus-5.1.0panorama/bin/../bin/pegasus-transfer  --threads 2,1.9,0,0,,,,,,,,,
stage_in_local_condorpool_0_2_pegasus-plan_ID0000012,None,transfer,0,1677154867.0,,,1677154872.0,1677154873.0,1677154883.0,69626264.0,1677154872.0,1677154892.0,,,0.0,1677154892.0,1677154897.0,5.0,,0.0,20.0,5.0,10.0,735985664.0,,,poseidon,local,host-10-100-100-12.openstacklocal,pegasus::transfer,/home/poseidon/pegasus-5.1.0panorama/bin/pegasus-transfer,-n pegasus::transfer -N null -i - -R local  -L xgboost_hp_tuning_group_0 -T 2023-02-23T12:20:42+00:00 /home/poseidon/pegasus-5.1.0panorama/bin/../bin/pegasus-transfer  --threads 2,4.3,0,0,,,,,,,,,
stage_in_local_condorpool_0_2_pegasus-plan_ID0000020,None,transfer,0,1677154867.0,,,1677154872.0,1677154873.0,1677154883.0,70478462.0,1677154872.0,1677154892.0,,,0.0,1677154892.0,1677154897.0,5.0,,0.0,20.0,5.0,10.0,735985664.0,,,poseidon,local,host-10-100-100-12.openstacklocal,pegasus::transfer,/home/poseidon/pegasus-5.1.0panorama/bin/pegasus-transfer,-n pegasus::transfer -N null -i - -R local  -L xgboost_hp_tuning_group_2 -T 2023-02-23T12:20:42+00:00 /home/poseidon/pegasus-5.1.0panorama/bin/../bin/pegasus-transfer  --threads 2,4.3,0,0,,,,,,,,,
stage_in_local_condorpool_0_1_pegasus-plan_ID0000020,None,transfer,0,1677154867.0,,,1677154872.0,1677154872.0,1677154890.0,150602089.0,1677154872.0,1677154897.0,,,0.0,1677154897.0,1677154902.0,5.0,,0.0,25.0,5.0,18.0,2646308508.0,,,poseidon,local,host-10-100-100-12.openstacklocal,pegasus::transfer,/home/poseidon/pegasus-5.1.0panorama/bin/pegasus-transfer,-n pegasus::transfer -N null -i - -R local  -L xgboost_hp_tuning_group_2 -T 2023-02-23T12:20:42+00:00 /home/poseidon/pegasus-5.1.0panorama/bin/../bin/pegasus-transfer  --threads 2,11.7,0,0,,,,,,,,,
stage_in_local_condorpool_0_0_pegasus-plan_ID0000016,None,transfer,0,1677154867.0,,,1677154872.0,1677154872.0,1677154877.0,2845.0,1677154872.0,1677154887.0,,,0.0,1677154887.0,1677154892.0,5.0,,0.0,15.0,5.0,5.0,12142.0,,,poseidon,local,host-10-100-100-12.openstacklocal,pegasus::transfer,/home/poseidon/pegasus-5.1.0panorama/bin/pegasus-transfer,-n pegasus::transfer -N null -i - -R local  -L xgboost_hp_tuning_group_1 -T 2023-02-23T12:20:42+00:00 /home/poseidon/pegasus-5.1.0panorama/bin/../bin/pegasus-transfer  --threads 2,0.6,0,0,,,,,,,,,
stage_in_local_condorpool_1_0_pegasus-plan_ID0000016,None,transfer,0,1677154867.0,,,1677154872.0,1677154872.0,1677154876.0,810.0,1677154872.0,1677154882.0,,,0.0,1677154882.0,1677154887.0,5.0,,0.0,10.0,5.0,4.0,2874.0,,,poseidon,local,host-10-100-100-12.openstacklocal,pegasus::transfer,/home/poseidon/pegasus-5.1.0panorama/bin/pegasus-transfer,-n pegasus::transfer -N null -i - -R local  -L xgboost_hp_tuning_group_1 -T 2023-02-23T12:20:42+00:00 /home/poseidon/pegasus-5.1.0panorama/bin/../bin/pegasus-transfer  --threads 2,0.5,0,0,,,,,,,,,
stage_in_local_condorpool_0_1_pegasus-plan_ID0000016,None,transfer,0,1677154867.0,,,1677154872.0,1677154872.0,1677154876.0,5246651.0,1677154872.0,1677154882.0,,,0.0,1677154882.0,1677154887.0,5.0,,0.0,10.0,5.0,4.0,19294600.0,,,poseidon,local,host-10-100-100-12.openstacklocal,pegasus::transfer,/home/poseidon/pegasus-5.1.0panorama/bin/pegasus-transfer,-n pegasus::transfer -N null -i - -R local  -L xgboost_hp_tuning_group_1 -T 2023-02-23T12:20:42+00:00 /home/poseidon/pegasus-5.1.0panorama/bin/../bin/pegasus-transfer  --threads 2,0.6,0,0,,,,,,,,,
stage_in_local_condorpool_0_0_pegasus-plan_ID0000020,None,transfer,0,1677154867.0,,,1677154872.0,1677154872.0,1677154877.0,2781.0,1677154872.0,1677154887.0,,,0.0,1677154887.0,1677154892.0,5.0,,0.0,15.0,5.0,5.0,12142.0,,,poseidon,local,host-10-100-100-12.openstacklocal,pegasus::transfer,/home/poseidon/pegasus-5.1.0panorama/bin/pegasus-transfer,-n pegasus::transfer -N null -i - -R local  -L xgboost_hp_tuning_group_2 -T 2023-02-23T12:20:42+00:00 /home/poseidon/pegasus-5.1.0panorama/bin/../bin/pegasus-transfer  --threads 2,0.6,0,0,,,,,,,,,
stage_in_local_condorpool_0_2_pegasus-plan_ID0000016,None,transfer,0,1677154867.0,,,1677154872.0,1677154873.0,1677154883.0,70065676.0,1677154872.0,1677154892.0,,,0.0,1677154892.0,1677154897.0,5.0,,0.0,20.0,5.0,10.0,735985664.0,,,poseidon,local,host-10-100-100-12.openstacklocal,pegasus::transfer,/home/poseidon/pegasus-5.1.0panorama/bin/pegasus-transfer,-n pegasus::transfer -N null -i - -R local  -L xgboost_hp_tuning_group_1 -T 2023-02-23T12:20:42+00:00 /home/poseidon/pegasus-5.1.0panorama/bin/../bin/pegasus-transfer  --threads 2,4.3,0,0,,,,,,,,,
stage_in_local_condorpool_1_0_pegasus-plan_ID0000020,None,transfer,0,1677154867.0,,,1677154872.0,1677154872.0,1677154876.0,821.0,1677154872.0,1677154882.0,,,0.0,1677154882.0,1677154887.0,5.0,,0.0,10.0,5.0,4.0,2874.0,,,poseidon,local,host-10-100-100-12.openstacklocal,pegasus::transfer,/home/poseidon/pegasus-5.1.0panorama/bin/pegasus-transfer,-n pegasus::transfer -N null -i - -R local  -L xgboost_hp_tuning_group_2 -T 2023-02-23T12:20:42+00:00 /home/poseidon/pegasus-5.1.0panorama/bin/../bin/pegasus-transfer  --threads 2,0.5,0,0,,,,,,,,,
xgboost_hp_tuning_ID0000008_pegasus-plan_ID0000016,None,compute,0,1677154897.0,,,1677154902.0,1677154928.0,1677154944.0,45855222.5,1677154970.0,1677155007.0,1677154954.0,1677154958.0,258.0,1677155007.0,1677155012.0,5.0,,68.0,37.0,5.0,16.0,377646203.0,4.0,1056.0,poseidon,condorpool,poseidon-worker-3-container-24-31,xgboost_hp_tuning,/srv/xgboost_hp_tuning,,16.4,0,0,,,,,,,,,
xgboost_hp_tuning_ID0000023_pegasus-plan_ID0000012,None,compute,0,1677154897.0,,,1677154902.0,1677154921.0,1677154938.0,51175121.3,1677154962.0,1677155017.0,1677154963.0,1677154967.0,264.0,1677155017.0,1677155022.0,5.0,,60.0,55.0,5.0,17.0,502672266.0,4.0,1090.0,poseidon,condorpool,poseidon-worker-2-container-24-31,xgboost_hp_tuning,/srv/xgboost_hp_tuning,,100.0,0,0,0.1,157967900.0,40.0,3305.0,2.0,43.3,2.6,15796790.0,4.0
xgboost_hp_tuning_ID0000012_pegasus-plan_ID0000012,None,compute,0,1677154897.0,,,1677154902.0,1677154918.0,1677154934.0,51542929.0,1677154959.0,1677155017.0,1677154962.0,1677154966.0,258.0,1677155017.0,1677155022.0,5.0,,57.0,58.0,5.0,16.0,502672266.0,4.0,1052.0,poseidon,condorpool,poseidon-worker-3-container-0-7,xgboost_hp_tuning,/srv/xgboost_hp_tuning,,114.2,0,0,0.0,157970759.0,40.0,3319.0,2.0,103.0,3.5,7898538.0,4.0
xgboost_hp_tuning_ID0000001_pegasus-plan_ID0000012,None,compute,0,1677154897.0,,,1677154902.0,1677154916.0,1677154933.0,51568953.3,1677154958.0,1677155027.0,1677154970.0,1677154975.0,257.0,1677155027.0,1677155032.0,5.0,,56.0,69.0,5.0,17.0,502672266.0,5.0,1062.0,poseidon,condorpool,poseidon-worker-3-container-40-47,xgboost_hp_tuning,/srv/xgboost_hp_tuning,,177.0,0,0,0.0,157974666.0,40.0,3334.0,2.0,167.0,3.5,5265822.2,4.0
xgboost_hp_tuning_ID0000013_pegasus-plan_ID0000012,None,compute,0,1677154897.0,,,1677154902.0,1677154916.0,1677154933.0,51298620.3,1677154957.0,1677155012.0,1677154955.0,1677154960.0,251.0,1677155012.0,1677155017.0,5.0,,55.0,55.0,5.0,17.0,502672266.0,5.0,1054.0,poseidon,condorpool,poseidon-worker-2-container-16-23,xgboost_hp_tuning,/srv/xgboost_hp_tuning,,82.4,0,0,0.1,157967896.0,40.0,3305.0,2.0,44.3,2.5,15796789.6,4.0
xgboost_hp_tuning_ID0000002_pegasus-plan_ID0000012,None,compute,0,1677154897.0,,,1677154902.0,1677154915.0,1677154932.0,51295140.7,1677154957.0,1677155017.0,1677154961.0,1677154965.0,252.0,1677155017.0,1677155022.0,5.0,,55.0,60.0,5.0,17.0,502672266.0,4.0,1062.0,poseidon,condorpool,poseidon-worker-2-container-8-15,xgboost_hp_tuning,/srv/xgboost_hp_tuning,,121.2,0,0,0.1,157972495.0,40.0,3321.0,2.0,104.2,3.6,7898624.8,4.0
xgboost_hp_tuning_ID0000014_pegasus-plan_ID0000012,None,compute,0,1677154897.0,,,1677154902.0,1677154862.0,1677154879.0,51422880.3,1677154903.0,1677154977.0,1677154922.0,1677154927.0,247.0,1677154977.0,1677154982.0,5.0,,1.0,74.0,5.0,17.0,502672266.0,5.0,1054.0,poseidon,condorpool,poseidon-worker-1-container-8-15,xgboost_hp_tuning,/srv/xgboost_hp_tuning,,207.2,0,0,0.1,157976235.0,40.0,3336.0,2.0,159.2,3.6,5265874.5,4.0
xgboost_hp_tuning_ID0000003_pegasus-plan_ID0000012,None,compute,0,1677154897.0,,,1677154902.0,1677154862.0,1677154879.0,51357605.3,1677154903.0,1677154982.0,1677154927.0,1677154931.0,255.0,1677154982.0,1677154987.0,5.0,,1.0,79.0,5.0,17.0,502672266.0,4.0,1068.0,poseidon,condorpool,poseidon-worker-1-container-16-23,xgboost_hp_tuning,/srv/xgboost_hp_tuning,,250.5,0,0,0.1,157980079.0,40.0,3351.0,2.0,238.0,3.6,3949502.0,4.0
xgboost_hp_tuning_ID0000015_pegasus-plan_ID0000012,None,compute,0,1677154897.0,,,1677154902.0,1677154862.0,1677154879.0,51336005.0,1677154903.0,1677154957.0,1677154902.0,1677154907.0,252.0,1677154957.0,1677154962.0,5.0,,1.0,54.0,5.0,17.0,502672266.0,5.0,1055.0,poseidon,condorpool,poseidon-worker-2-container-8-15,xgboost_hp_tuning,/srv/xgboost_hp_tuning,,85.5,0,0,0.0,157967796.0,40.0,3305.0,2.0,41.5,3.0,15796779.6,4.0
xgboost_hp_tuning_ID0000004_pegasus-plan_ID0000012,None,compute,0,1677154897.0,,,1677154902.0,1677154862.0,1677154879.0,51360368.3,1677154903.0,1677154967.0,1677154913.0,1677154917.0,259.0,1677154967.0,1677154972.0,5.0,,1.0,64.0,5.0,17.0,502672266.0,4.0,1063.0,poseidon,condorpool,poseidon-worker-1-container-24-31,xgboost_hp_tuning,/srv/xgboost_hp_tuning,,153.0,0,0,0.1,157972472.0,40.0,3321.0,2.0,99.7,3.2,7898623.6,4.0
xgboost_hp_tuning_ID0000016_pegasus-plan_ID0000012,None,compute,0,1677154897.0,,,1677154902.0,1677154862.0,1677154879.0,51554595.7,1677154903.0,1677154972.0,1677154915.0,1677154919.0,257.0,1677154972.0,1677154977.0,5.0,,1.0,69.0,5.0,17.0,502672266.0,4.0,1053.0,poseidon,condorpool,poseidon-worker-3-container-8-15,xgboost_hp_tuning,/srv/xgboost_hp_tuning,,164.9,0,0,0.0,157970557.0,40.0,3319.0,2.0,98.5,3.6,7898527.9,4.0
xgboost_hp_tuning_ID0000005_pegasus-plan_ID0000012,None,compute,0,1677154897.0,,,1677154902.0,1677154862.0,1677154879.0,51320438.0,1677154903.0,1677154977.0,1677154923.0,1677154927.0,261.0,1677154977.0,1677154982.0,5.0,,1.0,74.0,5.0,17.0,502672266.0,4.0,1079.0,poseidon,condorpool,poseidon-worker-1-container-32-39,xgboost_hp_tuning,/srv/xgboost_hp_tuning,,199.2,0,0,0.1,157976271.0,40.0,3336.0,2.0,147.5,3.4,5265875.7,4.0
xgboost_hp_tuning_ID0000017_pegasus-plan_ID0000012,None,compute,0,1677154897.0,,,1677154902.0,1677154862.0,1677154878.0,51571647.7,1677154903.0,1677154967.0,1677154912.0,1677154916.0,257.0,1677154967.0,1677154972.0,5.0,,1.0,64.0,5.0,16.0,502672266.0,4.0,1053.0,poseidon,condorpool,poseidon-worker-3-container-16-23,xgboost_hp_tuning,/srv/xgboost_hp_tuning,,152.5,0,0,0.0,157970596.0,40.0,3319.0,2.0,106.9,3.3,7898529.8,4.0
xgboost_hp_tuning_ID0000006_pegasus-plan_ID0000012,None,compute,0,1677154897.0,,,1677154902.0,1677154862.0,1677154879.0,51363333.7,1677154903.0,1677154977.0,1677154919.0,1677154923.0,255.0,1677154977.0,1677154982.0,5.0,,1.0,74.0,5.0,17.0,502672266.0,4.0,1066.0,poseidon,condorpool,poseidon-worker-1-container-40-47,xgboost_hp_tuning,/srv/xgboost_hp_tuning,,161.7,0,0,0.0,157976277.0,40.0,3336.0,2.0,138.3,3.3,5265875.9,4.0
xgboost_hp_tuning_ID0000009_pegasus-plan_ID0000012,None,compute,0,1677154897.0,,,1677154902.0,1677154862.0,1677154878.0,51564897.7,1677154903.0,1677154957.0,1677154904.0,1677154908.0,255.0,1677154957.0,1677154962.0,5.0,,1.0,54.0,5.0,16.0,502672266.0,4.0,1057.0,poseidon,condorpool,poseidon-worker-3-container-40-47,xgboost_hp_tuning,/srv/xgboost_hp_tuning,,100.8,0,0,0.0,157966182.0,40.0,3303.0,2.0,46.0,2.8,15796618.2,4.0
xgboost_hp_tuning_ID0000011_pegasus-plan_ID0000012,None,compute,0,1677154897.0,,,1677154902.0,1677154862.0,1677154879.0,50733406.7,1677154904.0,1677154977.0,1677154919.0,1677154923.0,249.0,1677154977.0,1677154982.0,5.0,,2.0,73.0,5.0,17.0,502672266.0,4.0,1049.0,poseidon,condorpool,poseidon-worker-1-container-0-7,xgboost_hp_tuning,/srv/xgboost_hp_tuning,,194.8,0,0,0.1,157976343.0,40.0,3336.0,2.0,169.4,3.4,5265878.1,4.0
xgboost_hp_tuning_ID0000022_pegasus-plan_ID0000012,None,compute,0,1677154897.0,,,1677154902.0,1677154862.0,1677154878.0,51518341.3,1677154903.0,1677154962.0,1677154905.0,1677154909.0,262.0,1677154962.0,1677154967.0,5.0,,1.0,59.0,5.0,16.0,502672266.0,4.0,1065.0,poseidon,condorpool,poseidon-worker-3-container-0-7,xgboost_hp_tuning,/srv/xgboost_hp_tuning,,112.0,0,0,0.0,157970761.0,4040.0,3319.0,5.0,108.5,3.5,7898538.0,202.0
xgboost_hp_tuning_ID0000010_pegasus-plan_ID0000012,None,compute,0,1677154897.0,,,1677154902.0,1677154862.0,1677154879.0,51416370.3,1677154903.0,1677154967.0,1677154909.0,1677154913.0,255.0,1677154967.0,1677154972.0,5.0,,1.0,64.0,5.0,17.0,502672266.0,4.0,1049.0,poseidon,condorpool,poseidon-worker-2-container-40-47,xgboost_hp_tuning,/srv/xgboost_hp_tuning,,129.7,0,0,0.1,157972461.0,40.0,3321.0,2.0,103.1,3.1,7898623.1,4.0
xgboost_hp_tuning_ID0000021_pegasus-plan_ID0000012,None,compute,0,1677154897.0,,,1677154902.0,1677154862.0,1677154879.0,51330649.7,1677154903.0,1677154967.0,1677154912.0,1677154916.0,260.0,1677154967.0,1677154972.0,5.0,,1.0,64.0,5.0,17.0,502672266.0,4.0,1063.0,poseidon,condorpool,poseidon-worker-2-container-32-39,xgboost_hp_tuning,/srv/xgboost_hp_tuning,,146.0,0,0,0.0,157972460.0,40.0,3321.0,2.0,101.7,3.8,7898623.0,4.0
xgboost_hp_tuning_ID0000020_pegasus-plan_ID0000012,None,compute,0,1677154897.0,,,1677154902.0,1677154862.0,1677154879.0,51201879.3,1677154903.0,1677154962.0,1677154908.0,1677154912.0,256.0,1677154962.0,1677154967.0,5.0,,1.0,59.0,5.0,17.0,502672266.0,4.0,1063.0,poseidon,condorpool,poseidon-worker-2-container-24-31,xgboost_hp_tuning,/srv/xgboost_hp_tuning,,122.8,0,0,0.1,157972463.0,40.0,3321.0,2.0,102.9,3.4,7898623.1,4.0
xgboost_hp_tuning_ID0000008_pegasus-plan_ID0000012,None,compute,0,1677154897.0,,,1677154902.0,1677154862.0,1677154879.0,51358863.7,1677154903.0,1677154977.0,1677154919.0,1677154923.0,250.0,1677154977.0,1677154982.0,5.0,,1.0,74.0,5.0,17.0,502672266.0,4.0,1057.0,poseidon,condorpool,poseidon-worker-2-container-0-7,xgboost_hp_tuning,/srv/xgboost_hp_tuning,,182.1,0,0,0.1,157976182.0,40.0,3336.0,2.0,160.4,3.0,5265872.7,4.0
xgboost_hp_tuning_ID0000019_pegasus-plan_ID0000012,None,compute,0,1677154897.0,,,1677154902.0,1677154862.0,1677154878.0,51432561.3,1677154903.0,1677154967.0,1677154910.0,1677154914.0,259.0,1677154967.0,1677154972.0,5.0,,1.0,64.0,5.0,16.0,502672266.0,4.0,1061.0,poseidon,condorpool,poseidon-worker-3-container-32-39,xgboost_hp_tuning,/srv/xgboost_hp_tuning,,139.1,0,0,0.0,157970592.0,40.0,3319.0,2.0,109.4,3.4,7898529.6,4.0
xgboost_hp_tuning_ID0000023_pegasus-plan_ID0000016,None,compute,0,1677154897.0,,,1677154902.0,1677154971.0,1677154986.0,45706051.5,1677155012.0,1677155052.0,1677154996.0,1677155001.0,258.0,1677155052.0,1677155057.0,5.0,,110.0,40.0,5.0,15.0,377646203.0,5.0,1093.0,poseidon,condorpool,poseidon-worker-1-container-40-47,xgboost_hp_tuning,/srv/xgboost_hp_tuning,,16.0,0,0,,,,,,,,,
xgboost_hp_tuning_ID0000007_pegasus-plan_ID0000012,None,compute,0,1677154897.0,,,1677154902.0,1677154862.0,1677154879.0,51581297.0,1677154903.0,1677154972.0,1677154916.0,1677154920.0,258.0,1677154972.0,1677154977.0,5.0,,1.0,69.0,5.0,17.0,502672266.0,4.0,1067.0,poseidon,condorpool,poseidon-worker-3-container-24-31,xgboost_hp_tuning,/srv/xgboost_hp_tuning,,172.0,0,0,0.0,157974396.0,40.0,3334.0,2.0,164.3,3.7,5265813.2,4.0
xgboost_hp_tuning_ID0000012_pegasus-plan_ID0000016,None,compute,0,1677154897.0,,,1677154902.0,1677154970.0,1677154986.0,45661768.5,1677155012.0,1677155052.0,1677154996.0,1677155000.0,249.0,1677155052.0,1677155057.0,5.0,,110.0,40.0,5.0,16.0,377646203.0,4.0,1048.0,poseidon,condorpool,poseidon-worker-2-container-0-7,xgboost_hp_tuning,/srv/xgboost_hp_tuning,,15.2,0,0,,,,,,,,,
xgboost_hp_tuning_ID0000013_pegasus-plan_ID0000016,None,compute,0,1677154897.0,,,1677154902.0,1677154967.0,1677154982.0,45829271.2,1677155009.0,1677155047.0,1677154992.0,1677154997.0,252.0,1677155047.0,1677155052.0,5.0,,107.0,38.0,5.0,15.0,377646203.0,5.0,1052.0,poseidon,condorpool,poseidon-worker-3-container-24-31,xgboost_hp_tuning,/srv/xgboost_hp_tuning,,15.4,0,0,,,,,,,,,
xgboost_hp_tuning_ID0000009_pegasus-plan_ID0000016,None,compute,0,1677154897.0,,,1677154902.0,1677154922.0,1677154938.0,45667820.8,1677154964.0,1677155002.0,1677154948.0,1677154953.0,253.0,1677155002.0,1677155007.0,5.0,,62.0,38.0,5.0,16.0,377646203.0,5.0,1057.0,poseidon,condorpool,poseidon-worker-2-container-40-47,xgboost_hp_tuning,/srv/xgboost_hp_tuning,,16.4,0,0,,,,,,,,,
xgboost_hp_tuning_ID0000011_pegasus-plan_ID0000016,None,compute,0,1677154897.0,,,1677154902.0,1677154922.0,1677154938.0,45814436.2,1677154964.0,1677155002.0,1677154948.0,1677154952.0,255.0,1677155002.0,1677155007.0,5.0,,62.0,38.0,5.0,16.0,377646203.0,4.0,1051.0,poseidon,condorpool,poseidon-worker-3-container-32-39,xgboost_hp_tuning,/srv/xgboost_hp_tuning,,15.0,0,0,,,,,,,,,
xgboost_hp_tuning_ID0000022_pegasus-plan_ID0000016,None,compute,0,1677154897.0,,,1677154902.0,1677154924.0,1677154940.0,45801331.0,1677154966.0,1677155007.0,1677154950.0,1677154954.0,258.0,1677155007.0,1677155012.0,5.0,,64.0,41.0,5.0,16.0,377646203.0,4.0,1061.0,poseidon,condorpool,poseidon-worker-3-container-16-23,xgboost_hp_tuning,/srv/xgboost_hp_tuning,,14.7,0,0,,,,,,,,,
xgboost_hp_tuning_ID0000010_pegasus-plan_ID0000016,None,compute,0,1677154897.0,,,1677154902.0,1677154925.0,1677154940.0,45700687.2,1677154966.0,1677155007.0,1677154951.0,1677154955.0,253.0,1677155007.0,1677155012.0,5.0,,64.0,41.0,5.0,15.0,377646203.0,4.0,1049.0,poseidon,condorpool,poseidon-worker-2-container-32-39,xgboost_hp_tuning,/srv/xgboost_hp_tuning,,16.9,0,0,,,,,,,,,
xgboost_hp_tuning_ID0000021_pegasus-plan_ID0000016,None,compute,0,1677154897.0,,,1677154902.0,1677154926.0,1677154942.0,45564180.5,1677154968.0,1677155007.0,1677154952.0,1677154956.0,256.0,1677155007.0,1677155012.0,5.0,,66.0,39.0,5.0,16.0,377646203.0,4.0,1063.0,poseidon,condorpool,poseidon-worker-1-container-24-31,xgboost_hp_tuning,/srv/xgboost_hp_tuning,,14.8,0,0,,,,,,,,,
xgboost_hp_tuning_ID0000020_pegasus-plan_ID0000016,None,compute,0,1677154897.0,,,1677154902.0,1677154928.0,1677154943.0,45849244.8,1677154969.0,1677155007.0,1677154953.0,1677154957.0,261.0,1677155007.0,1677155012.0,5.0,,67.0,38.0,5.0,15.0,377646203.0,4.0,1065.0,poseidon,condorpool,poseidon-worker-3-container-8-15,xgboost_hp_tuning,/srv/xgboost_hp_tuning,,14.7,0,0,,,,,,,,,
xgboost_hp_tuning_ID0000019_pegasus-plan_ID0000016,None,compute,0,1677154897.0,,,1677154902.0,1677154932.0,1677154947.0,45695865.5,1677154973.0,1677155012.0,1677154957.0,1677154962.0,252.0,1677155012.0,1677155017.0,5.0,,71.0,39.0,5.0,15.0,377646203.0,5.0,1056.0,poseidon,condorpool,poseidon-worker-2-container-0-7,xgboost_hp_tuning,/srv/xgboost_hp_tuning,,14.3,0,0,,,,,,,,,
xgboost_hp_tuning_ID0000001_pegasus-plan_ID0000016,None,compute,0,1677154897.0,,,1677154902.0,1677154968.0,1677154984.0,45694676.8,1677155010.0,1677155052.0,1677154994.0,1677154998.0,251.0,1677155052.0,1677155057.0,5.0,,108.0,42.0,5.0,16.0,377646203.0,4.0,1062.0,poseidon,condorpool,poseidon-worker-2-container-16-23,xgboost_hp_tuning,/srv/xgboost_hp_tuning,,16.1,0,0,,,,,,,,,
xgboost_hp_tuning_ID0000018_pegasus-plan_ID0000016,None,compute,0,1677154897.0,,,1677154902.0,1677154932.0,1677154948.0,45556171.2,1677154974.0,1677155012.0,1677154958.0,1677154962.0,253.0,1677155012.0,1677155017.0,5.0,,72.0,38.0,5.0,16.0,377646203.0,4.0,1053.0,poseidon,condorpool,poseidon-worker-1-container-40-47,xgboost_hp_tuning,/srv/xgboost_hp_tuning,,15.5,0,0,,,,,,,,,
xgboost_hp_tuning_ID0000007_pegasus-plan_ID0000016,None,compute,0,1677154897.0,,,1677154902.0,1677154932.0,1677154948.0,45074209.2,1677154974.0,1677155012.0,1677154958.0,1677154962.0,262.0,1677155012.0,1677155017.0,5.0,,72.0,38.0,5.0,16.0,377646203.0,4.0,1064.0,poseidon,condorpool,poseidon-worker-1-container-0-7,xgboost_hp_tuning,/srv/xgboost_hp_tuning,,15.8,0,0,,,,,,,,,
xgboost_hp_tuning_ID0000017_pegasus-plan_ID0000016,None,compute,0,1677154897.0,,,1677154902.0,1677154936.0,1677154952.0,45368644.5,1677154977.0,1677155022.0,1677154965.0,1677154969.0,253.0,1677155022.0,1677155027.0,5.0,,75.0,45.0,5.0,16.0,377646203.0,4.0,1055.0,poseidon,condorpool,poseidon-worker-1-container-32-39,xgboost_hp_tuning,/srv/xgboost_hp_tuning,,41.4,0,0,,,,,,,,,
xgboost_hp_tuning_ID0000005_pegasus-plan_ID0000016,None,compute,0,1677154897.0,,,1677154902.0,1677154940.0,1677154955.0,45641994.8,1677154981.0,1677155022.0,1677154965.0,1677154970.0,258.0,1677155022.0,1677155027.0,5.0,,79.0,41.0,5.0,15.0,377646203.0,5.0,1075.0,poseidon,condorpool,poseidon-worker-1-container-16-23,xgboost_hp_tuning,/srv/xgboost_hp_tuning,,15.0,0,0,,,,,,,,,
xgboost_hp_tuning_ID0000016_pegasus-plan_ID0000016,None,compute,0,1677154897.0,,,1677154902.0,1677154961.0,1677154976.0,45828232.5,1677155002.0,1677155042.0,1677154986.0,1677154991.0,253.0,1677155042.0,1677155047.0,5.0,,100.0,40.0,5.0,15.0,377646203.0,5.0,1052.0,poseidon,condorpool,poseidon-worker-3-container-32-39,xgboost_hp_tuning,/srv/xgboost_hp_tuning,,17.2,0,0,,,,,,,,,
xgboost_hp_tuning_ID0000004_pegasus-plan_ID0000016,None,compute,0,1677154897.0,,,1677154902.0,1677154961.0,1677154977.0,45628011.5,1677155003.0,1677155042.0,1677154987.0,1677154991.0,256.0,1677155042.0,1677155047.0,5.0,,101.0,39.0,5.0,16.0,377646203.0,4.0,1061.0,poseidon,condorpool,poseidon-worker-2-container-40-47,xgboost_hp_tuning,/srv/xgboost_hp_tuning,,14.8,0,0,,,,,,,,,
xgboost_hp_tuning_ID0000015_pegasus-plan_ID0000016,None,compute,0,1677154897.0,,,1677154902.0,1677154963.0,1677154978.0,45878561.0,1677155004.0,1677155042.0,1677154988.0,1677154992.0,257.0,1677155042.0,1677155047.0,5.0,,102.0,38.0,5.0,15.0,377646203.0,4.0,1050.0,poseidon,condorpool,poseidon-worker-3-container-16-23,xgboost_hp_tuning,/srv/xgboost_hp_tuning,,14.4,0,0,,,,,,,,,
xgboost_hp_tuning_ID0000003_pegasus-plan_ID0000016,None,compute,0,1677154897.0,,,1677154902.0,1677154964.0,1677154979.0,45723302.2,1677155005.0,1677155047.0,1677154990.0,1677154994.0,254.0,1677155047.0,1677155052.0,5.0,,103.0,42.0,5.0,15.0,377646203.0,4.0,1063.0,poseidon,condorpool,poseidon-worker-2-container-32-39,xgboost_hp_tuning,/srv/xgboost_hp_tuning,,15.0,0,0,,,,,,,,,
xgboost_hp_tuning_ID0000014_pegasus-plan_ID0000016,None,compute,0,1677154897.0,,,1677154902.0,1677154965.0,1677154980.0,45677794.2,1677155006.0,1677155047.0,1677154990.0,1677154994.0,248.0,1677155047.0,1677155052.0,5.0,,104.0,41.0,5.0,15.0,377646203.0,4.0,1056.0,poseidon,condorpool,poseidon-worker-1-container-24-31,xgboost_hp_tuning,/srv/xgboost_hp_tuning,,15.8,0,0,,,,,,,,,
xgboost_hp_tuning_ID0000002_pegasus-plan_ID0000016,None,compute,0,1677154897.0,,,1677154902.0,1677154966.0,1677154981.0,45812540.2,1677155008.0,1677155052.0,1677154994.0,1677154998.0,255.0,1677155052.0,1677155057.0,5.0,,106.0,44.0,5.0,15.0,377646203.0,4.0,1064.0,poseidon,condorpool,poseidon-worker-3-container-8-15,xgboost_hp_tuning,/srv/xgboost_hp_tuning,,34.7,0,0,,,,,,,,,
xgboost_hp_tuning_ID0000006_pegasus-plan_ID0000016,None,compute,0,1677154897.0,,,1677154902.0,1677154936.0,1677154951.0,45555869.2,1677154977.0,1677155017.0,1677154961.0,1677154965.0,261.0,1677155017.0,1677155022.0,5.0,,75.0,40.0,5.0,15.0,377646203.0,4.0,1067.0,poseidon,condorpool,poseidon-worker-1-container-8-15,xgboost_hp_tuning,/srv/xgboost_hp_tuning,,14.2,0,0,,,,,,,,,
xgboost_hp_tuning_ID0000018_pegasus-plan_ID0000012,None,compute,0,1677154897.0,,,1677154902.0,1677154862.0,1677154879.0,51385837.0,1677154903.0,1677154957.0,1677154903.0,1677154907.0,255.0,1677154957.0,1677154962.0,5.0,,1.0,54.0,5.0,17.0,502672266.0,4.0,1053.0,poseidon,condorpool,poseidon-worker-2-container-16-23,xgboost_hp_tuning,/srv/xgboost_hp_tuning,,90.1,0,0,0.1,157967828.0,40.0,3305.0,2.0,43.5,2.8,15796782.8,4.0
xgboost_hp_tuning_ID0000001_pegasus-plan_ID0000020,None,compute,0,1677154902.0,,,1677154907.0,1677155380.0,1677155409.0,75089899.7,1677155421.0,1677155859.0,1677155804.0,1677155808.0,259.0,1677155859.0,1677155864.0,5.0,,514.0,438.0,5.0,29.0,1691153157.0,4.0,1064.0,poseidon,condorpool,poseidon-worker-2-container-24-31,xgboost_hp_tuning,/srv/xgboost_hp_tuning,,2372.0,0,0,0.1,1346591593.0,40.0,3861.0,2.0,2284.8,47.4,3543662.1,4.0
xgboost_hp_tuning_ID0000009_pegasus-plan_ID0000020,None,compute,0,1677154902.0,,,1677154907.0,1677154971.0,1677155000.0,74672878.4,1677155012.0,1677155413.0,1677155356.0,1677155360.0,257.0,1677155413.0,1677155418.0,5.0,,105.0,401.0,5.0,29.0,1691153157.0,4.0,1059.0,poseidon,condorpool,poseidon-worker-1-container-0-7,xgboost_hp_tuning,/srv/xgboost_hp_tuning,,1950.4,0,0,0.0,1346575947.0,40.0,3801.0,2.0,1846.8,63.9,3960517.5,4.0
xgboost_hp_tuning_ID0000012_pegasus-plan_ID0000020,None,compute,0,1677154902.0,,,1677154907.0,1677155384.0,1677155414.0,75318464.0,1677155426.0,1677155823.0,1677155766.0,1677155770.0,257.0,1677155823.0,1677155828.0,5.0,,519.0,397.0,5.0,30.0,1691153157.0,4.0,1048.0,poseidon,condorpool,poseidon-worker-3-container-0-7,xgboost_hp_tuning,/srv/xgboost_hp_tuning,,2023.9,0,0,0.0,1346574047.0,40.0,3799.0,2.0,1952.8,55.3,3960511.9,4.0
xgboost_hp_tuning_ID0000023_pegasus-plan_ID0000020,None,compute,0,1677154902.0,,,1677154907.0,1677155393.0,1677155422.0,75114022.1,1677155434.0,1677155813.0,1677155759.0,1677155763.0,266.0,1677155813.0,1677155818.0,5.0,,527.0,379.0,5.0,29.0,1691153157.0,4.0,1089.0,poseidon,condorpool,poseidon-worker-1-container-8-15,xgboost_hp_tuning,/srv/xgboost_hp_tuning,,1852.7,0,0,0.1,1346568445.0,40.0,3771.0,2.0,1747.9,52.0,4208026.4,4.0
xgboost_hp_tuning_ID0000017_pegasus-plan_ID0000020,None,compute,0,1677154902.0,,,1677154907.0,1677155003.0,1677155033.0,75250169.0,1677155045.0,1677155413.0,1677155358.0,1677155362.0,253.0,1677155413.0,1677155418.0,5.0,,138.0,368.0,5.0,30.0,1691153157.0,4.0,1053.0,poseidon,condorpool,poseidon-worker-1-container-24-31,xgboost_hp_tuning,/srv/xgboost_hp_tuning,,1705.3,0,0,0.0,1346564776.0,40.0,3756.0,2.0,1607.1,57.2,4343757.3,4.0
xgboost_hp_tuning_ID0000002_pegasus-plan_ID0000020,None,compute,0,1677154902.0,,,1677154907.0,1677155369.0,1677155399.0,74654675.5,1677155411.0,1677155738.0,1677155682.0,1677155686.0,258.0,1677155738.0,1677155743.0,5.0,,504.0,327.0,5.0,30.0,1691153157.0,4.0,1062.0,poseidon,condorpool,poseidon-worker-1-container-0-7,xgboost_hp_tuning,/srv/xgboost_hp_tuning,,1405.6,0,0,0.1,1346549211.0,40.0,3696.0,2.0,1331.3,52.9,4987219.3,4.0
xgboost_hp_tuning_ID0000005_pegasus-plan_ID0000020,None,compute,0,1677154902.0,,,1677154907.0,1677155005.0,1677155034.0,75361055.4,1677155047.0,1677155438.0,1677155381.0,1677155385.0,265.0,1677155438.0,1677155443.0,5.0,,140.0,391.0,5.0,29.0,1691153157.0,4.0,1077.0,poseidon,condorpool,poseidon-worker-3-container-24-31,xgboost_hp_tuning,/srv/xgboost_hp_tuning,,1894.3,0,0,0.0,1346570502.0,40.0,3784.0,2.0,1798.7,51.0,4080516.7,4.0
xgboost_hp_tuning_ID0000016_pegasus-plan_ID0000020,None,compute,0,1677154902.0,,,1677154907.0,1677155007.0,1677155036.0,75385056.8,1677155049.0,1677155478.0,1677155422.0,1677155426.0,257.0,1677155478.0,1677155483.0,5.0,,142.0,429.0,5.0,29.0,1691153157.0,4.0,1055.0,poseidon,condorpool,poseidon-worker-3-container-8-15,xgboost_hp_tuning,/srv/xgboost_hp_tuning,,2115.6,0,0,0.0,1346585685.0,40.0,3844.0,2.0,1997.1,74.6,3639420.8,4.0
xgboost_hp_tuning_ID0000004_pegasus-plan_ID0000020,None,compute,0,1677154902.0,,,1677154907.0,1677155007.0,1677155037.0,75129052.4,1677155049.0,1677155463.0,1677155409.0,1677155413.0,256.0,1677155463.0,1677155468.0,5.0,,142.0,414.0,5.0,30.0,1691153157.0,4.0,1063.0,poseidon,condorpool,poseidon-worker-2-container-16-23,xgboost_hp_tuning,/srv/xgboost_hp_tuning,,2092.7,0,0,0.1,1346583912.0,40.0,3831.0,2.0,2014.8,59.3,3740510.9,4.0
xgboost_hp_tuning_ID0000018_pegasus-plan_ID0000020,None,compute,0,1677154902.0,,,1677154907.0,1677155001.0,1677155030.0,75386500.5,1677155042.0,1677155463.0,1677155410.0,1677155414.0,257.0,1677155463.0,1677155468.0,5.0,,135.0,421.0,5.0,29.0,1691153157.0,4.0,1056.0,poseidon,condorpool,poseidon-worker-3-container-16-23,xgboost_hp_tuning,/srv/xgboost_hp_tuning,,2101.2,0,0,0.0,1346585841.0,40.0,3844.0,2.0,2024.6,72.0,3639421.2,4.0
xgboost_hp_tuning_ID0000013_pegasus-plan_ID0000020,None,compute,0,1677154902.0,,,1677154907.0,1677155371.0,1677155401.0,74867000.7,1677155413.0,1677155793.0,1677155738.0,1677155742.0,257.0,1677155793.0,1677155798.0,5.0,,506.0,380.0,5.0,30.0,1691153157.0,4.0,1053.0,poseidon,condorpool,poseidon-worker-1-container-24-31,xgboost_hp_tuning,/srv/xgboost_hp_tuning,,1825.4,0,0,0.1,1346568617.0,40.0,3771.0,2.0,1713.6,55.6,4208026.9,4.0
xgboost_hp_tuning_ID0000007_pegasus-plan_ID0000020,None,compute,0,1677154902.0,,,1677154907.0,1677155000.0,1677155029.0,75168285.6,1677155041.0,1677155458.0,1677155401.0,1677155405.0,259.0,1677155458.0,1677155463.0,5.0,,134.0,417.0,5.0,29.0,1691153157.0,4.0,1068.0,poseidon,condorpool,poseidon-worker-2-container-40-47,xgboost_hp_tuning,/srv/xgboost_hp_tuning,,2102.0,0,0,0.1,1346583902.0,40.0,3831.0,2.0,2019.9,68.8,3740510.8,4.0
xgboost_hp_tuning_ID0000019_pegasus-plan_ID0000020,None,compute,0,1677154902.0,,,1677154907.0,1677154983.0,1677155012.0,75390528.7,1677155025.0,1677155633.0,1677155578.0,1677155582.0,259.0,1677155633.0,1677155638.0,5.0,,118.0,608.0,5.0,29.0,1691153157.0,4.0,1061.0,poseidon,condorpool,poseidon-worker-3-container-40-47,xgboost_hp_tuning,/srv/xgboost_hp_tuning,,3323.6,0,0,0.0,1346654804.0,40.0,4114.0,2.0,3203.6,81.0,2448463.3,4.0
xgboost_hp_tuning_ID0000008_pegasus-plan_ID0000020,None,compute,0,1677154902.0,,,1677154907.0,1677154978.0,1677155008.0,74996408.5,1677155020.0,1677155408.0,1677155354.0,1677155358.0,258.0,1677155408.0,1677155413.0,5.0,,113.0,388.0,5.0,30.0,1691153157.0,4.0,1057.0,poseidon,condorpool,poseidon-worker-1-container-16-23,xgboost_hp_tuning,/srv/xgboost_hp_tuning,,1908.7,0,0,0.0,1346572183.0,40.0,3786.0,2.0,1807.2,54.0,4080521.8,4.0
xgboost_hp_tuning_ID0000014_pegasus-plan_ID0000020,None,compute,0,1677154902.0,,,1677154907.0,1677155071.0,1677155101.0,75269943.1,1677155113.0,1677155518.0,1677155462.0,1677155466.0,257.0,1677155518.0,1677155523.0,5.0,,206.0,405.0,5.0,30.0,1691153157.0,4.0,1052.0,poseidon,condorpool,poseidon-worker-3-container-32-39,xgboost_hp_tuning,/srv/xgboost_hp_tuning,,2031.4,0,0,0.1,1346578215.0,40.0,3814.0,2.0,1960.5,62.0,3847366.3,4.0
xgboost_hp_tuning_ID0000021_pegasus-plan_ID0000020,None,compute,0,1677154902.0,,,1677154907.0,1677154976.0,1677155005.0,75169061.9,1677155018.0,1677155423.0,1677155366.0,1677155371.0,255.0,1677155423.0,1677155428.0,5.0,,111.0,405.0,5.0,29.0,1691153157.0,5.0,1061.0,poseidon,condorpool,poseidon-worker-2-container-24-31,xgboost_hp_tuning,/srv/xgboost_hp_tuning,,1987.9,0,0,0.0,1346579854.0,40.0,3816.0,2.0,1915.9,63.1,3847371.0,4.0
xgboost_hp_tuning_ID0000010_pegasus-plan_ID0000020,None,compute,0,1677154902.0,,,1677154907.0,1677154975.0,1677155004.0,75400972.5,1677155016.0,1677155428.0,1677155371.0,1677155376.0,255.0,1677155428.0,1677155433.0,5.0,,109.0,412.0,5.0,29.0,1691153157.0,5.0,1050.0,poseidon,condorpool,poseidon-worker-3-container-0-7,xgboost_hp_tuning,/srv/xgboost_hp_tuning,,1946.6,0,0,0.1,1346577868.0,40.0,3814.0,2.0,1817.4,69.3,3847365.3,4.0
xgboost_hp_tuning_ID0000022_pegasus-plan_ID0000020,None,compute,0,1677154902.0,,,1677154907.0,1677154974.0,1677155003.0,75074738.0,1677155016.0,1677155388.0,1677155333.0,1677155338.0,258.0,1677155388.0,1677155393.0,5.0,,109.0,372.0,5.0,29.0,1691153157.0,5.0,1063.0,poseidon,condorpool,poseidon-worker-1-container-8-15,xgboost_hp_tuning,/srv/xgboost_hp_tuning,,1698.4,0,0,0.1,1346568297.0,40.0,3771.0,2.0,1641.4,53.2,4208025.9,4.0
xgboost_hp_tuning_ID0000011_pegasus-plan_ID0000020,None,compute,0,1677154902.0,,,1677154907.0,1677154974.0,1677155003.0,74994075.4,1677155015.0,1677155438.0,1677155384.0,1677155388.0,253.0,1677155438.0,1677155443.0,5.0,,108.0,423.0,5.0,29.0,1691153157.0,4.0,1051.0,poseidon,condorpool,poseidon-worker-2-container-8-15,xgboost_hp_tuning,/srv/xgboost_hp_tuning,,2165.2,0,0,0.1,1346587364.0,40.0,3846.0,2.0,2096.6,59.4,3639425.3,4.0
xgboost_hp_tuning_ID0000015_pegasus-plan_ID0000020,None,compute,0,1677154902.0,,,1677154907.0,1677155009.0,1677155038.0,75053748.6,1677155050.0,1677155443.0,1677155388.0,1677155392.0,256.0,1677155443.0,1677155448.0,5.0,,143.0,393.0,5.0,29.0,1691153157.0,4.0,1052.0,poseidon,condorpool,poseidon-worker-2-container-0-7,xgboost_hp_tuning,/srv/xgboost_hp_tuning,,1926.6,0,0,0.0,1346575908.0,40.0,3801.0,2.0,1851.7,73.1,3960517.4,4.0
xgboost_hp_tuning_ID0000003_pegasus-plan_ID0000020,None,compute,0,1677154902.0,,,1677154907.0,1677155009.0,1677155039.0,75179501.0,1677155051.0,1677155503.0,1677155449.0,1677155453.0,258.0,1677155503.0,1677155508.0,5.0,,144.0,452.0,5.0,30.0,1691153157.0,4.0,1067.0,poseidon,condorpool,poseidon-worker-1-container-40-47,xgboost_hp_tuning,/srv/xgboost_hp_tuning,,2286.1,0,0,0.0,1346599262.0,40.0,3891.0,2.0,2218.9,63.4,3366498.2,4.0
xgboost_hp_tuning_ID0000006_pegasus-plan_ID0000020,None,compute,0,1677154902.0,,,1677154907.0,1677155003.0,1677155032.0,75052729.4,1677155044.0,1677155468.0,1677155414.0,1677155419.0,256.0,1677155468.0,1677155473.0,5.0,,137.0,424.0,5.0,29.0,1691153157.0,5.0,1063.0,poseidon,condorpool,poseidon-worker-2-container-32-39,xgboost_hp_tuning,/srv/xgboost_hp_tuning,,2145.1,0,0,0.1,1346587733.0,40.0,3846.0,2.0,2068.9,56.6,3639426.3,4.0
xgboost_hp_tuning_ID0000020_pegasus-plan_ID0000020,None,compute,0,1677154902.0,,,1677154907.0,1677154978.0,1677155008.0,75000728.4,1677155020.0,1677155473.0,1677155415.0,1677155419.0,255.0,1677155473.0,1677155478.0,5.0,,113.0,453.0,5.0,30.0,1691153157.0,4.0,1063.0,poseidon,condorpool,poseidon-worker-1-container-32-39,xgboost_hp_tuning,/srv/xgboost_hp_tuning,,2287.2,0,0,0.0,1346595253.0,40.0,3876.0,2.0,2180.1,54.9,3452808.3,4.0
stage_out_local_condorpool_0_0_pegasus-plan_ID0000012,None,transfer,0,1677155022.0,,,1677155027.0,,,0.0,1677155027.0,1677155037.0,1677155027.0,1677155031.0,2099.0,1677155037.0,1677155042.0,5.0,,0.0,10.0,5.0,,,4.0,8464.0,poseidon,local,host-10-100-100-12.openstacklocal,pegasus::transfer,/home/poseidon/pegasus-5.1.0panorama/bin/pegasus-transfer,/home/poseidon/pegasus-5.1.0panorama/bin/../bin/pegasus-kickstart  -n pegasus::transfer -N null -i - -R local  -L xgboost_hp_tuning_group_0 -T 2023-02-23T12:20:42+00:00 /home/poseidon/pegasus-5.1.0panorama/bin/../bin/pegasus-transfer  --threads 2,1.1,0,0,,,,,,,,,
stage_out_local_condorpool_0_1_pegasus-plan_ID0000012,None,transfer,0,1677155022.0,,,1677155027.0,,,0.0,1677155027.0,1677155037.0,1677155027.0,1677155031.0,2108.0,1677155037.0,1677155042.0,5.0,,0.0,10.0,5.0,,,4.0,8504.0,poseidon,local,host-10-100-100-12.openstacklocal,pegasus::transfer,/home/poseidon/pegasus-5.1.0panorama/bin/pegasus-transfer,/home/poseidon/pegasus-5.1.0panorama/bin/../bin/pegasus-kickstart  -n pegasus::transfer -N null -i - -R local  -L xgboost_hp_tuning_group_0 -T 2023-02-23T12:20:42+00:00 /home/poseidon/pegasus-5.1.0panorama/bin/../bin/pegasus-transfer  --threads 2,1.1,0,0,,,,,,,,,
xgboost_best_params_ID0000024_pegasus-plan_ID0000012,None,compute,0,1677155032.0,,,1677155037.0,1677154999.0,1677155016.0,39805296.3,1677155041.0,1677155077.0,1677155023.0,1677155027.0,256.0,1677155077.0,1677155082.0,5.0,,4.0,36.0,5.0,17.0,368018664.0,4.0,1079.0,poseidon,condorpool,poseidon-worker-3-container-32-39,xgboost_best_params,/srv/xgboost_best_params,,0.0,0,0,,,,,,,,,
stage_out_local_condorpool_0_2_pegasus-plan_ID0000012,None,transfer,0,1677155032.0,,,1677155037.0,,,0.0,1677155037.0,1677155047.0,1677155037.0,1677155041.0,1841.0,1677155047.0,1677155052.0,5.0,,0.0,10.0,5.0,,,4.0,7427.0,poseidon,local,host-10-100-100-12.openstacklocal,pegasus::transfer,/home/poseidon/pegasus-5.1.0panorama/bin/pegasus-transfer,/home/poseidon/pegasus-5.1.0panorama/bin/../bin/pegasus-kickstart  -n pegasus::transfer -N null -i - -R local  -L xgboost_hp_tuning_group_0 -T 2023-02-23T12:20:42+00:00 /home/poseidon/pegasus-5.1.0panorama/bin/../bin/pegasus-transfer  --threads 2,1.0,0,0,,,,,,,,,
register_condorpool_0_0_pegasus-plan_ID0000012,None,auxiliary,0,1677155042.0,,,1677155057.0,,,0.0,1677155057.0,1677155062.0,,,0.0,1677155062.0,1677155067.0,15.0,,0.0,5.0,5.0,,,,,poseidon,local,host-10-100-100-12.openstacklocal,pegasus::rc-client,/home/poseidon/pegasus-5.1.0panorama/bin/pegasus-rc-client,"-n pegasus::rc-client -N null -R local  -L xgboost_hp_tuning_group_0 -T 2023-02-23T12:20:42+00:00 /home/poseidon/pegasus-5.1.0panorama/bin/pegasus-rc-client --prefix pegasus.catalog.replica.output --conf /home/poseidon/workflows/predict-future-sales-workflow/submit/poseidon/pegasus/predict-future-sales/run0114/00/00/./xgboost_hp_tuning_group_0.000/pegasus.9834734173482144480.properties -v --meta /home/poseidon/workflows/predict-future-sales-workflow/submit/poseidon/pegasus/predict-future-sales/run0114/00/00/./xgboost_hp_tuning_group_0.000/00/00/xgboost_hp_tuning_ID0000018.meta,/home/poseidon/workflows/predict-future-sales-workflow/submit/poseidon/pegasus/predict-future-sales/run0114/00/00/./xgboost_hp_tuning_group_0.000/00/00/xgboost_hp_tuning_ID0000009.meta,/home/poseidon/workflows/predict-future-sales-workflow/submit/poseidon/pegasus/predict-future-sales/run0114/00/00/./xgboost_hp_tuning_group_0.000/00/00/xgboost_hp_tuning_ID0000012.meta,/home/poseidon/workflows/predict-future-sales-workflow/submit/poseidon/pegasus/predict-future-sales/run0114/00/00/./xgboost_hp_tuning_group_0.000/00/00/xgboost_hp_tuning_ID0000008.meta,/home/poseidon/workflows/predict-future-sales-workflow/submit/poseidon/pegasus/predict-future-sales/run0114/00/00/./xgboost_hp_tuning_group_0.000/00/00/xgboost_hp_tuning_ID0000010.meta,/home/poseidon/workflows/predict-future-sales-workflow/submit/poseidon/pegasus/predict-future-sales/run0114/00/00/./xgboost_hp_tuning_group_0.000/00/00/xgboost_hp_tuning_ID0000002.meta,/home/poseidon/workflows/predict-future-sales-workflow/submit/poseidon/pegasus/predict-future-sales/run0114/00/00/./xgboost_hp_tuning_group_0.000/00/00/xgboost_hp_tuning_ID0000005.meta,/home/poseidon/workflows/predict-future-sales-workflow/submit/poseidon/pegasus/predict-future-sales/run0114/00/00/./xgboost_hp_tuning_group_0.000/00/00/xgboost_hp_tuning_ID0000015.meta --insert /home/poseidon/workflows/predict-future-sales-workflow/submit/poseidon/pegasus/predict-future-sales/run0114/00/00/./xgboost_hp_tuning_group_0.000/00/00/register_condorpool_0_0.in",3.0,0,0,,,,,,,,,
register_condorpool_0_1_pegasus-plan_ID0000012,None,auxiliary,0,1677155042.0,,,1677155047.0,,,0.0,1677155047.0,1677155052.0,,,0.0,1677155052.0,1677155057.0,5.0,,0.0,5.0,5.0,,,,,poseidon,local,host-10-100-100-12.openstacklocal,pegasus::rc-client,/home/poseidon/pegasus-5.1.0panorama/bin/pegasus-rc-client,"-n pegasus::rc-client -N null -R local  -L xgboost_hp_tuning_group_0 -T 2023-02-23T12:20:42+00:00 /home/poseidon/pegasus-5.1.0panorama/bin/pegasus-rc-client --prefix pegasus.catalog.replica.output --conf /home/poseidon/workflows/predict-future-sales-workflow/submit/poseidon/pegasus/predict-future-sales/run0114/00/00/./xgboost_hp_tuning_group_0.000/pegasus.9834734173482144480.properties -v --meta /home/poseidon/workflows/predict-future-sales-workflow/submit/poseidon/pegasus/predict-future-sales/run0114/00/00/./xgboost_hp_tuning_group_0.000/00/00/xgboost_hp_tuning_ID0000019.meta,/home/poseidon/workflows/predict-future-sales-workflow/submit/poseidon/pegasus/predict-future-sales/run0114/00/00/./xgboost_hp_tuning_group_0.000/00/00/xgboost_hp_tuning_ID0000003.meta,/home/poseidon/workflows/predict-future-sales-workflow/submit/poseidon/pegasus/predict-future-sales/run0114/00/00/./xgboost_hp_tuning_group_0.000/00/00/xgboost_hp_tuning_ID0000006.meta,/home/poseidon/workflows/predict-future-sales-workflow/submit/poseidon/pegasus/predict-future-sales/run0114/00/00/./xgboost_hp_tuning_group_0.000/00/00/xgboost_hp_tuning_ID0000016.meta,/home/poseidon/workflows/predict-future-sales-workflow/submit/poseidon/pegasus/predict-future-sales/run0114/00/00/./xgboost_hp_tuning_group_0.000/00/00/xgboost_hp_tuning_ID0000013.meta,/home/poseidon/workflows/predict-future-sales-workflow/submit/poseidon/pegasus/predict-future-sales/run0114/00/00/./xgboost_hp_tuning_group_0.000/00/00/xgboost_hp_tuning_ID0000023.meta,/home/poseidon/workflows/predict-future-sales-workflow/submit/poseidon/pegasus/predict-future-sales/run0114/00/00/./xgboost_hp_tuning_group_0.000/00/00/xgboost_hp_tuning_ID0000011.meta,/home/poseidon/workflows/predict-future-sales-workflow/submit/poseidon/pegasus/predict-future-sales/run0114/00/00/./xgboost_hp_tuning_group_0.000/00/00/xgboost_hp_tuning_ID0000021.meta --insert /home/poseidon/workflows/predict-future-sales-workflow/submit/poseidon/pegasus/predict-future-sales/run0114/00/00/./xgboost_hp_tuning_group_0.000/00/00/register_condorpool_0_1.in",3.2,0,0,,,,,,,,,
register_condorpool_0_2_pegasus-plan_ID0000012,None,auxiliary,0,1677155052.0,,,1677155067.0,,,0.0,1677155068.0,1677155072.0,,,0.0,1677155072.0,1677155077.0,15.0,,1.0,4.0,5.0,,,,,poseidon,local,host-10-100-100-12.openstacklocal,pegasus::rc-client,/home/poseidon/pegasus-5.1.0panorama/bin/pegasus-rc-client,"-n pegasus::rc-client -N null -R local  -L xgboost_hp_tuning_group_0 -T 2023-02-23T12:20:42+00:00 /home/poseidon/pegasus-5.1.0panorama/bin/pegasus-rc-client --prefix pegasus.catalog.replica.output --conf /home/poseidon/workflows/predict-future-sales-workflow/submit/poseidon/pegasus/predict-future-sales/run0114/00/00/./xgboost_hp_tuning_group_0.000/pegasus.9834734173482144480.properties -v --meta /home/poseidon/workflows/predict-future-sales-workflow/submit/poseidon/pegasus/predict-future-sales/run0114/00/00/./xgboost_hp_tuning_group_0.000/00/00/xgboost_hp_tuning_ID0000014.meta,/home/poseidon/workflows/predict-future-sales-workflow/submit/poseidon/pegasus/predict-future-sales/run0114/00/00/./xgboost_hp_tuning_group_0.000/00/00/xgboost_hp_tuning_ID0000001.meta,/home/poseidon/workflows/predict-future-sales-workflow/submit/poseidon/pegasus/predict-future-sales/run0114/00/00/./xgboost_hp_tuning_group_0.000/00/00/xgboost_hp_tuning_ID0000007.meta,/home/poseidon/workflows/predict-future-sales-workflow/submit/poseidon/pegasus/predict-future-sales/run0114/00/00/./xgboost_hp_tuning_group_0.000/00/00/xgboost_hp_tuning_ID0000004.meta,/home/poseidon/workflows/predict-future-sales-workflow/submit/poseidon/pegasus/predict-future-sales/run0114/00/00/./xgboost_hp_tuning_group_0.000/00/00/xgboost_hp_tuning_ID0000022.meta,/home/poseidon/workflows/predict-future-sales-workflow/submit/poseidon/pegasus/predict-future-sales/run0114/00/00/./xgboost_hp_tuning_group_0.000/00/00/xgboost_hp_tuning_ID0000020.meta,/home/poseidon/workflows/predict-future-sales-workflow/submit/poseidon/pegasus/predict-future-sales/run0114/00/00/./xgboost_hp_tuning_group_0.000/00/00/xgboost_hp_tuning_ID0000017.meta --insert /home/poseidon/workflows/predict-future-sales-workflow/submit/poseidon/pegasus/predict-future-sales/run0114/00/00/./xgboost_hp_tuning_group_0.000/00/00/register_condorpool_0_2.in",3.3,0,0,,,,,,,,,
stage_out_local_condorpool_0_2_pegasus-plan_ID0000016,None,transfer,0,1677155057.0,,,1677155062.0,,,0.0,1677155062.0,1677155072.0,1677155062.0,1677155066.0,1840.0,1677155072.0,1677155077.0,5.0,,0.0,10.0,5.0,,,4.0,7424.0,poseidon,local,host-10-100-100-12.openstacklocal,pegasus::transfer,/home/poseidon/pegasus-5.1.0panorama/bin/pegasus-transfer,/home/poseidon/pegasus-5.1.0panorama/bin/../bin/pegasus-kickstart  -n pegasus::transfer -N null -i - -R local  -L xgboost_hp_tuning_group_1 -T 2023-02-23T12:20:42+00:00 /home/poseidon/pegasus-5.1.0panorama/bin/../bin/pegasus-transfer  --threads 2,1.0,0,0,,,,,,,,,
xgboost_best_params_ID0000024_pegasus-plan_ID0000016,None,compute,0,1677155057.0,,,1677155062.0,1677155036.0,1677155052.0,39840771.0,1677155077.0,1677155112.0,1677155059.0,1677155063.0,261.0,1677155112.0,1677155117.0,5.0,,15.0,35.0,5.0,16.0,368018642.0,4.0,1062.0,poseidon,condorpool,poseidon-worker-3-container-32-39,xgboost_best_params,/srv/xgboost_best_params,,0.0,0,0,,,,,,,,,
stage_out_local_condorpool_0_1_pegasus-plan_ID0000016,None,transfer,0,1677155057.0,,,1677155062.0,,,0.0,1677155062.0,1677155072.0,1677155062.0,1677155066.0,2106.0,1677155072.0,1677155077.0,5.0,,0.0,10.0,5.0,,,4.0,8497.0,poseidon,local,host-10-100-100-12.openstacklocal,pegasus::transfer,/home/poseidon/pegasus-5.1.0panorama/bin/pegasus-transfer,/home/poseidon/pegasus-5.1.0panorama/bin/../bin/pegasus-kickstart  -n pegasus::transfer -N null -i - -R local  -L xgboost_hp_tuning_group_1 -T 2023-02-23T12:20:42+00:00 /home/poseidon/pegasus-5.1.0panorama/bin/../bin/pegasus-transfer  --threads 2,1.1,0,0,,,,,,,,,
stage_out_local_condorpool_0_0_pegasus-plan_ID0000016,None,transfer,0,1677155057.0,,,1677155062.0,,,0.0,1677155062.0,1677155072.0,1677155062.0,1677155066.0,2095.0,1677155072.0,1677155077.0,5.0,,0.0,10.0,5.0,,,4.0,8452.0,poseidon,local,host-10-100-100-12.openstacklocal,pegasus::transfer,/home/poseidon/pegasus-5.1.0panorama/bin/pegasus-transfer,/home/poseidon/pegasus-5.1.0panorama/bin/../bin/pegasus-kickstart  -n pegasus::transfer -N null -i - -R local  -L xgboost_hp_tuning_group_1 -T 2023-02-23T12:20:42+00:00 /home/poseidon/pegasus-5.1.0panorama/bin/../bin/pegasus-transfer  --threads 2,1.1,0,0,,,,,,,,,
register_condorpool_0_1_pegasus-plan_ID0000016,None,auxiliary,0,1677155077.0,,,1677155102.0,,,0.0,1677155102.0,1677155107.0,,,0.0,1677155107.0,1677155112.0,25.0,,0.0,5.0,5.0,,,,,poseidon,local,host-10-100-100-12.openstacklocal,pegasus::rc-client,/home/poseidon/pegasus-5.1.0panorama/bin/pegasus-rc-client,"-n pegasus::rc-client -N null -R local  -L xgboost_hp_tuning_group_1 -T 2023-02-23T12:20:42+00:00 /home/poseidon/pegasus-5.1.0panorama/bin/pegasus-rc-client --prefix pegasus.catalog.replica.output --conf /home/poseidon/workflows/predict-future-sales-workflow/submit/poseidon/pegasus/predict-future-sales/run0114/00/00/./xgboost_hp_tuning_group_1.000/pegasus.16284639452421401777.properties -v --meta /home/poseidon/workflows/predict-future-sales-workflow/submit/poseidon/pegasus/predict-future-sales/run0114/00/00/./xgboost_hp_tuning_group_1.000/00/00/xgboost_hp_tuning_ID0000019.meta,/home/poseidon/workflows/predict-future-sales-workflow/submit/poseidon/pegasus/predict-future-sales/run0114/00/00/./xgboost_hp_tuning_group_1.000/00/00/xgboost_hp_tuning_ID0000003.meta,/home/poseidon/workflows/predict-future-sales-workflow/submit/poseidon/pegasus/predict-future-sales/run0114/00/00/./xgboost_hp_tuning_group_1.000/00/00/xgboost_hp_tuning_ID0000006.meta,/home/poseidon/workflows/predict-future-sales-workflow/submit/poseidon/pegasus/predict-future-sales/run0114/00/00/./xgboost_hp_tuning_group_1.000/00/00/xgboost_hp_tuning_ID0000016.meta,/home/poseidon/workflows/predict-future-sales-workflow/submit/poseidon/pegasus/predict-future-sales/run0114/00/00/./xgboost_hp_tuning_group_1.000/00/00/xgboost_hp_tuning_ID0000013.meta,/home/poseidon/workflows/predict-future-sales-workflow/submit/poseidon/pegasus/predict-future-sales/run0114/00/00/./xgboost_hp_tuning_group_1.000/00/00/xgboost_hp_tuning_ID0000023.meta,/home/poseidon/workflows/predict-future-sales-workflow/submit/poseidon/pegasus/predict-future-sales/run0114/00/00/./xgboost_hp_tuning_group_1.000/00/00/xgboost_hp_tuning_ID0000011.meta,/home/poseidon/workflows/predict-future-sales-workflow/submit/poseidon/pegasus/predict-future-sales/run0114/00/00/./xgboost_hp_tuning_group_1.000/00/00/xgboost_hp_tuning_ID0000021.meta --insert /home/poseidon/workflows/predict-future-sales-workflow/submit/poseidon/pegasus/predict-future-sales/run0114/00/00/./xgboost_hp_tuning_group_1.000/00/00/register_condorpool_0_1.in",3.1,0,0,,,,,,,,,
register_condorpool_0_0_pegasus-plan_ID0000016,None,auxiliary,0,1677155077.0,,,1677155092.0,,,0.0,1677155095.0,1677155097.0,,,0.0,1677155097.0,1677155102.0,15.0,,3.0,2.0,5.0,,,,,poseidon,local,host-10-100-100-12.openstacklocal,pegasus::rc-client,/home/poseidon/pegasus-5.1.0panorama/bin/pegasus-rc-client,"-n pegasus::rc-client -N null -R local  -L xgboost_hp_tuning_group_1 -T 2023-02-23T12:20:42+00:00 /home/poseidon/pegasus-5.1.0panorama/bin/pegasus-rc-client --prefix pegasus.catalog.replica.output --conf /home/poseidon/workflows/predict-future-sales-workflow/submit/poseidon/pegasus/predict-future-sales/run0114/00/00/./xgboost_hp_tuning_group_1.000/pegasus.16284639452421401777.properties -v --meta /home/poseidon/workflows/predict-future-sales-workflow/submit/poseidon/pegasus/predict-future-sales/run0114/00/00/./xgboost_hp_tuning_group_1.000/00/00/xgboost_hp_tuning_ID0000018.meta,/home/poseidon/workflows/predict-future-sales-workflow/submit/poseidon/pegasus/predict-future-sales/run0114/00/00/./xgboost_hp_tuning_group_1.000/00/00/xgboost_hp_tuning_ID0000009.meta,/home/poseidon/workflows/predict-future-sales-workflow/submit/poseidon/pegasus/predict-future-sales/run0114/00/00/./xgboost_hp_tuning_group_1.000/00/00/xgboost_hp_tuning_ID0000012.meta,/home/poseidon/workflows/predict-future-sales-workflow/submit/poseidon/pegasus/predict-future-sales/run0114/00/00/./xgboost_hp_tuning_group_1.000/00/00/xgboost_hp_tuning_ID0000008.meta,/home/poseidon/workflows/predict-future-sales-workflow/submit/poseidon/pegasus/predict-future-sales/run0114/00/00/./xgboost_hp_tuning_group_1.000/00/00/xgboost_hp_tuning_ID0000010.meta,/home/poseidon/workflows/predict-future-sales-workflow/submit/poseidon/pegasus/predict-future-sales/run0114/00/00/./xgboost_hp_tuning_group_1.000/00/00/xgboost_hp_tuning_ID0000002.meta,/home/poseidon/workflows/predict-future-sales-workflow/submit/poseidon/pegasus/predict-future-sales/run0114/00/00/./xgboost_hp_tuning_group_1.000/00/00/xgboost_hp_tuning_ID0000005.meta,/home/poseidon/workflows/predict-future-sales-workflow/submit/poseidon/pegasus/predict-future-sales/run0114/00/00/./xgboost_hp_tuning_group_1.000/00/00/xgboost_hp_tuning_ID0000015.meta --insert /home/poseidon/workflows/predict-future-sales-workflow/submit/poseidon/pegasus/predict-future-sales/run0114/00/00/./xgboost_hp_tuning_group_1.000/00/00/register_condorpool_0_0.in",3.1,0,0,,,,,,,,,
register_condorpool_0_2_pegasus-plan_ID0000016,None,auxiliary,0,1677155077.0,,,1677155082.0,,,0.0,1677155082.0,1677155087.0,,,0.0,1677155087.0,1677155092.0,5.0,,0.0,5.0,5.0,,,,,poseidon,local,host-10-100-100-12.openstacklocal,pegasus::rc-client,/home/poseidon/pegasus-5.1.0panorama/bin/pegasus-rc-client,"-n pegasus::rc-client -N null -R local  -L xgboost_hp_tuning_group_1 -T 2023-02-23T12:20:42+00:00 /home/poseidon/pegasus-5.1.0panorama/bin/pegasus-rc-client --prefix pegasus.catalog.replica.output --conf /home/poseidon/workflows/predict-future-sales-workflow/submit/poseidon/pegasus/predict-future-sales/run0114/00/00/./xgboost_hp_tuning_group_1.000/pegasus.16284639452421401777.properties -v --meta /home/poseidon/workflows/predict-future-sales-workflow/submit/poseidon/pegasus/predict-future-sales/run0114/00/00/./xgboost_hp_tuning_group_1.000/00/00/xgboost_hp_tuning_ID0000014.meta,/home/poseidon/workflows/predict-future-sales-workflow/submit/poseidon/pegasus/predict-future-sales/run0114/00/00/./xgboost_hp_tuning_group_1.000/00/00/xgboost_hp_tuning_ID0000001.meta,/home/poseidon/workflows/predict-future-sales-workflow/submit/poseidon/pegasus/predict-future-sales/run0114/00/00/./xgboost_hp_tuning_group_1.000/00/00/xgboost_hp_tuning_ID0000007.meta,/home/poseidon/workflows/predict-future-sales-workflow/submit/poseidon/pegasus/predict-future-sales/run0114/00/00/./xgboost_hp_tuning_group_1.000/00/00/xgboost_hp_tuning_ID0000004.meta,/home/poseidon/workflows/predict-future-sales-workflow/submit/poseidon/pegasus/predict-future-sales/run0114/00/00/./xgboost_hp_tuning_group_1.000/00/00/xgboost_hp_tuning_ID0000022.meta,/home/poseidon/workflows/predict-future-sales-workflow/submit/poseidon/pegasus/predict-future-sales/run0114/00/00/./xgboost_hp_tuning_group_1.000/00/00/xgboost_hp_tuning_ID0000020.meta,/home/poseidon/workflows/predict-future-sales-workflow/submit/poseidon/pegasus/predict-future-sales/run0114/00/00/./xgboost_hp_tuning_group_1.000/00/00/xgboost_hp_tuning_ID0000017.meta --insert /home/poseidon/workflows/predict-future-sales-workflow/submit/poseidon/pegasus/predict-future-sales/run0114/00/00/./xgboost_hp_tuning_group_1.000/00/00/register_condorpool_0_2.in",3.0,0,0,,,,,,,,,
stage_out_local_condorpool_1_0_pegasus-plan_ID0000012,None,transfer,0,1677155082.0,,,1677155087.0,,,0.0,1677155087.0,1677155097.0,1677155088.0,1677155092.0,1272.0,1677155097.0,1677155102.0,5.0,,0.0,10.0,5.0,,,4.0,5395.0,poseidon,local,host-10-100-100-12.openstacklocal,pegasus::transfer,/home/poseidon/pegasus-5.1.0panorama/bin/pegasus-transfer,/home/poseidon/pegasus-5.1.0panorama/bin/../bin/pegasus-kickstart  -n pegasus::transfer -N null -i - -R local  -L xgboost_hp_tuning_group_0 -T 2023-02-23T12:20:42+00:00 /home/poseidon/pegasus-5.1.0panorama/bin/../bin/pegasus-transfer  --threads 2,0.7,0,0,,,,,,,,,
register_condorpool_1_0_pegasus-plan_ID0000012,None,auxiliary,0,1677155102.0,,,1677155107.0,,,0.0,1677155107.0,1677155112.0,,,0.0,1677155112.0,1677155117.0,5.0,,0.0,5.0,5.0,,,,,poseidon,local,host-10-100-100-12.openstacklocal,pegasus::rc-client,/home/poseidon/pegasus-5.1.0panorama/bin/pegasus-rc-client,-n pegasus::rc-client -N null -R local  -L xgboost_hp_tuning_group_0 -T 2023-02-23T12:20:42+00:00 /home/poseidon/pegasus-5.1.0panorama/bin/pegasus-rc-client --prefix pegasus.catalog.replica.output --conf /home/poseidon/workflows/predict-future-sales-workflow/submit/poseidon/pegasus/predict-future-sales/run0114/00/00/./xgboost_hp_tuning_group_0.000/pegasus.9834734173482144480.properties -v --meta /home/poseidon/workflows/predict-future-sales-workflow/submit/poseidon/pegasus/predict-future-sales/run0114/00/00/./xgboost_hp_tuning_group_0.000/00/00/xgboost_best_params_ID0000024.meta --insert /home/poseidon/workflows/predict-future-sales-workflow/submit/poseidon/pegasus/predict-future-sales/run0114/00/00/./xgboost_hp_tuning_group_0.000/00/00/register_condorpool_1_0.in,3.0,0,0,,,,,,,,,
stage_out_local_condorpool_1_0_pegasus-plan_ID0000016,None,transfer,0,1677155117.0,,,1677155122.0,,,0.0,1677155122.0,1677155132.0,1677155123.0,1677155127.0,1251.0,1677155132.0,1677155137.0,5.0,,0.0,10.0,5.0,,,4.0,5310.0,poseidon,local,host-10-100-100-12.openstacklocal,pegasus::transfer,/home/poseidon/pegasus-5.1.0panorama/bin/pegasus-transfer,/home/poseidon/pegasus-5.1.0panorama/bin/../bin/pegasus-kickstart  -n pegasus::transfer -N null -i - -R local  -L xgboost_hp_tuning_group_1 -T 2023-02-23T12:20:42+00:00 /home/poseidon/pegasus-5.1.0panorama/bin/../bin/pegasus-transfer  --threads 2,0.7,0,0,,,,,,,,,
xgboost_model_ID0000013,None,compute,0,1677155119.0,,,1677155124.0,1677155347.0,1677155366.0,51273917.0,1677155388.0,1677155434.0,1677155379.0,1677155384.0,179510.0,1677155434.0,1677155439.0,5.0,,264.0,46.0,5.0,19.0,502671209.0,5.0,780867.0,poseidon,condorpool,poseidon-worker-1-container-8-15,xgboost_model,/srv/xgboost_model,,27.0,0,0,,,,,,,,,
register_condorpool_1_0_pegasus-plan_ID0000016,None,auxiliary,0,1677155137.0,,,1677155142.0,,,0.0,1677155142.0,1677155147.0,,,0.0,1677155147.0,1677155152.0,5.0,,0.0,5.0,5.0,,,,,poseidon,local,host-10-100-100-12.openstacklocal,pegasus::rc-client,/home/poseidon/pegasus-5.1.0panorama/bin/pegasus-rc-client,-n pegasus::rc-client -N null -R local  -L xgboost_hp_tuning_group_1 -T 2023-02-23T12:20:42+00:00 /home/poseidon/pegasus-5.1.0panorama/bin/pegasus-rc-client --prefix pegasus.catalog.replica.output --conf /home/poseidon/workflows/predict-future-sales-workflow/submit/poseidon/pegasus/predict-future-sales/run0114/00/00/./xgboost_hp_tuning_group_1.000/pegasus.16284639452421401777.properties -v --meta /home/poseidon/workflows/predict-future-sales-workflow/submit/poseidon/pegasus/predict-future-sales/run0114/00/00/./xgboost_hp_tuning_group_1.000/00/00/xgboost_best_params_ID0000024.meta --insert /home/poseidon/workflows/predict-future-sales-workflow/submit/poseidon/pegasus/predict-future-sales/run0114/00/00/./xgboost_hp_tuning_group_1.000/00/00/register_condorpool_1_0.in,2.9,0,0,,,,,,,,,
xgboost_model_ID0000017,None,compute,0,1677155154.0,,,1677155159.0,1677155367.0,1677155384.0,45569637.2,1677155409.0,1677155449.0,1677155394.0,1677155398.0,65130.0,1677155449.0,1677155454.0,5.0,,250.0,40.0,5.0,17.0,377645129.0,4.0,281046.0,poseidon,condorpool,poseidon-worker-1-container-16-23,xgboost_model,/srv/xgboost_model,,8.9,0,0,,,,,,,,,
model_predict_ID0000014,None,compute,0,1677155439.0,,,1677155444.0,1677155403.0,1677155420.0,45153116.0,1677155445.0,1677155484.0,1677155428.0,1677155432.0,107053.0,1677155484.0,1677155489.0,5.0,,1.0,39.0,5.0,17.0,370968246.0,4.0,451213.0,poseidon,condorpool,poseidon-worker-3-container-24-31,model_predict,/srv/model_predict,,2.5,0,0,,,,,,,,,
model_predict_ID0000018,None,compute,0,1677155454.0,,,1677155459.0,1677155419.0,1677155438.0,44705152.2,1677155460.0,1677155499.0,1677155446.0,1677155450.0,6047.0,1677155499.0,1677155504.0,5.0,,1.0,39.0,5.0,19.0,368383084.0,4.0,25035.0,poseidon,condorpool,poseidon-worker-1-container-16-23,model_predict,/srv/model_predict,,2.6,0,0,,,,,,,,,
stage_out_local_condorpool_0_1_pegasus-plan_ID0000020,None,transfer,0,1677155818.0,,,1677155823.0,,,0.0,1677155823.0,1677155833.0,1677155823.0,1677155827.0,2106.0,1677155833.0,1677155838.0,5.0,,0.0,10.0,5.0,,,4.0,8500.0,poseidon,local,host-10-100-100-12.openstacklocal,pegasus::transfer,/home/poseidon/pegasus-5.1.0panorama/bin/pegasus-transfer,/home/poseidon/pegasus-5.1.0panorama/bin/../bin/pegasus-kickstart  -n pegasus::transfer -N null -i - -R local  -L xgboost_hp_tuning_group_2 -T 2023-02-23T12:20:42+00:00 /home/poseidon/pegasus-5.1.0panorama/bin/../bin/pegasus-transfer  --threads 2,1.0,0,0,,,,,,,,,
stage_out_local_condorpool_0_0_pegasus-plan_ID0000020,None,transfer,0,1677155828.0,,,1677155833.0,,,0.0,1677155833.0,1677155843.0,1677155833.0,1677155837.0,2099.0,1677155843.0,1677155848.0,5.0,,0.0,10.0,5.0,,,4.0,8461.0,poseidon,local,host-10-100-100-12.openstacklocal,pegasus::transfer,/home/poseidon/pegasus-5.1.0panorama/bin/pegasus-transfer,/home/poseidon/pegasus-5.1.0panorama/bin/../bin/pegasus-kickstart  -n pegasus::transfer -N null -i - -R local  -L xgboost_hp_tuning_group_2 -T 2023-02-23T12:20:42+00:00 /home/poseidon/pegasus-5.1.0panorama/bin/../bin/pegasus-transfer  --threads 2,1.0,0,0,,,,,,,,,
register_condorpool_0_1_pegasus-plan_ID0000020,None,auxiliary,0,1677155838.0,,,1677155843.0,,,0.0,1677155843.0,1677155848.0,,,0.0,1677155848.0,1677155854.0,5.0,,0.0,5.0,6.0,,,,,poseidon,local,host-10-100-100-12.openstacklocal,pegasus::rc-client,/home/poseidon/pegasus-5.1.0panorama/bin/pegasus-rc-client,"-n pegasus::rc-client -N null -R local  -L xgboost_hp_tuning_group_2 -T 2023-02-23T12:20:42+00:00 /home/poseidon/pegasus-5.1.0panorama/bin/pegasus-rc-client --prefix pegasus.catalog.replica.output --conf /home/poseidon/workflows/predict-future-sales-workflow/submit/poseidon/pegasus/predict-future-sales/run0114/00/00/./xgboost_hp_tuning_group_2.000/pegasus.11900942970612438173.properties -v --meta /home/poseidon/workflows/predict-future-sales-workflow/submit/poseidon/pegasus/predict-future-sales/run0114/00/00/./xgboost_hp_tuning_group_2.000/00/00/xgboost_hp_tuning_ID0000019.meta,/home/poseidon/workflows/predict-future-sales-workflow/submit/poseidon/pegasus/predict-future-sales/run0114/00/00/./xgboost_hp_tuning_group_2.000/00/00/xgboost_hp_tuning_ID0000003.meta,/home/poseidon/workflows/predict-future-sales-workflow/submit/poseidon/pegasus/predict-future-sales/run0114/00/00/./xgboost_hp_tuning_group_2.000/00/00/xgboost_hp_tuning_ID0000006.meta,/home/poseidon/workflows/predict-future-sales-workflow/submit/poseidon/pegasus/predict-future-sales/run0114/00/00/./xgboost_hp_tuning_group_2.000/00/00/xgboost_hp_tuning_ID0000016.meta,/home/poseidon/workflows/predict-future-sales-workflow/submit/poseidon/pegasus/predict-future-sales/run0114/00/00/./xgboost_hp_tuning_group_2.000/00/00/xgboost_hp_tuning_ID0000013.meta,/home/poseidon/workflows/predict-future-sales-workflow/submit/poseidon/pegasus/predict-future-sales/run0114/00/00/./xgboost_hp_tuning_group_2.000/00/00/xgboost_hp_tuning_ID0000023.meta,/home/poseidon/workflows/predict-future-sales-workflow/submit/poseidon/pegasus/predict-future-sales/run0114/00/00/./xgboost_hp_tuning_group_2.000/00/00/xgboost_hp_tuning_ID0000011.meta,/home/poseidon/workflows/predict-future-sales-workflow/submit/poseidon/pegasus/predict-future-sales/run0114/00/00/./xgboost_hp_tuning_group_2.000/00/00/xgboost_hp_tuning_ID0000021.meta --insert /home/poseidon/workflows/predict-future-sales-workflow/submit/poseidon/pegasus/predict-future-sales/run0114/00/00/./xgboost_hp_tuning_group_2.000/00/00/register_condorpool_0_1.in",3.1,0,0,,,,,,,,,
register_condorpool_0_0_pegasus-plan_ID0000020,None,auxiliary,0,1677155848.0,,,1677155854.0,,,0.0,1677155854.0,1677155859.0,,,0.0,1677155859.0,1677155864.0,6.0,,0.0,5.0,5.0,,,,,poseidon,local,host-10-100-100-12.openstacklocal,pegasus::rc-client,/home/poseidon/pegasus-5.1.0panorama/bin/pegasus-rc-client,"-n pegasus::rc-client -N null -R local  -L xgboost_hp_tuning_group_2 -T 2023-02-23T12:20:42+00:00 /home/poseidon/pegasus-5.1.0panorama/bin/pegasus-rc-client --prefix pegasus.catalog.replica.output --conf /home/poseidon/workflows/predict-future-sales-workflow/submit/poseidon/pegasus/predict-future-sales/run0114/00/00/./xgboost_hp_tuning_group_2.000/pegasus.11900942970612438173.properties -v --meta /home/poseidon/workflows/predict-future-sales-workflow/submit/poseidon/pegasus/predict-future-sales/run0114/00/00/./xgboost_hp_tuning_group_2.000/00/00/xgboost_hp_tuning_ID0000018.meta,/home/poseidon/workflows/predict-future-sales-workflow/submit/poseidon/pegasus/predict-future-sales/run0114/00/00/./xgboost_hp_tuning_group_2.000/00/00/xgboost_hp_tuning_ID0000009.meta,/home/poseidon/workflows/predict-future-sales-workflow/submit/poseidon/pegasus/predict-future-sales/run0114/00/00/./xgboost_hp_tuning_group_2.000/00/00/xgboost_hp_tuning_ID0000012.meta,/home/poseidon/workflows/predict-future-sales-workflow/submit/poseidon/pegasus/predict-future-sales/run0114/00/00/./xgboost_hp_tuning_group_2.000/00/00/xgboost_hp_tuning_ID0000008.meta,/home/poseidon/workflows/predict-future-sales-workflow/submit/poseidon/pegasus/predict-future-sales/run0114/00/00/./xgboost_hp_tuning_group_2.000/00/00/xgboost_hp_tuning_ID0000010.meta,/home/poseidon/workflows/predict-future-sales-workflow/submit/poseidon/pegasus/predict-future-sales/run0114/00/00/./xgboost_hp_tuning_group_2.000/00/00/xgboost_hp_tuning_ID0000002.meta,/home/poseidon/workflows/predict-future-sales-workflow/submit/poseidon/pegasus/predict-future-sales/run0114/00/00/./xgboost_hp_tuning_group_2.000/00/00/xgboost_hp_tuning_ID0000005.meta,/home/poseidon/workflows/predict-future-sales-workflow/submit/poseidon/pegasus/predict-future-sales/run0114/00/00/./xgboost_hp_tuning_group_2.000/00/00/xgboost_hp_tuning_ID0000015.meta --insert /home/poseidon/workflows/predict-future-sales-workflow/submit/poseidon/pegasus/predict-future-sales/run0114/00/00/./xgboost_hp_tuning_group_2.000/00/00/register_condorpool_0_0.in",3.1,0,0,,,,,,,,,
xgboost_best_params_ID0000024_pegasus-plan_ID0000020,None,compute,0,1677155864.0,,,1677155869.0,1677155829.0,1677155845.0,39753732.7,1677155870.0,1677155909.0,1677155852.0,1677155856.0,259.0,1677155909.0,1677155914.0,5.0,,1.0,39.0,5.0,16.0,368018656.0,4.0,1061.0,poseidon,condorpool,poseidon-worker-2-container-24-31,xgboost_best_params,/srv/xgboost_best_params,,0.0,0,0,,,,,,,,,
stage_out_local_condorpool_0_2_pegasus-plan_ID0000020,None,transfer,0,1677155864.0,,,1677155869.0,,,0.0,1677155869.0,1677155879.0,1677155869.0,1677155873.0,1840.0,1677155879.0,1677155884.0,5.0,,0.0,10.0,5.0,,,4.0,7426.0,poseidon,local,host-10-100-100-12.openstacklocal,pegasus::transfer,/home/poseidon/pegasus-5.1.0panorama/bin/pegasus-transfer,/home/poseidon/pegasus-5.1.0panorama/bin/../bin/pegasus-kickstart  -n pegasus::transfer -N null -i - -R local  -L xgboost_hp_tuning_group_2 -T 2023-02-23T12:20:42+00:00 /home/poseidon/pegasus-5.1.0panorama/bin/../bin/pegasus-transfer  --threads 2,0.9,0,0,,,,,,,,,
register_condorpool_0_2_pegasus-plan_ID0000020,None,auxiliary,0,1677155884.0,,,1677155889.0,,,0.0,1677155889.0,1677155894.0,,,0.0,1677155894.0,1677155899.0,5.0,,0.0,5.0,5.0,,,,,poseidon,local,host-10-100-100-12.openstacklocal,pegasus::rc-client,/home/poseidon/pegasus-5.1.0panorama/bin/pegasus-rc-client,"-n pegasus::rc-client -N null -R local  -L xgboost_hp_tuning_group_2 -T 2023-02-23T12:20:42+00:00 /home/poseidon/pegasus-5.1.0panorama/bin/pegasus-rc-client --prefix pegasus.catalog.replica.output --conf /home/poseidon/workflows/predict-future-sales-workflow/submit/poseidon/pegasus/predict-future-sales/run0114/00/00/./xgboost_hp_tuning_group_2.000/pegasus.11900942970612438173.properties -v --meta /home/poseidon/workflows/predict-future-sales-workflow/submit/poseidon/pegasus/predict-future-sales/run0114/00/00/./xgboost_hp_tuning_group_2.000/00/00/xgboost_hp_tuning_ID0000014.meta,/home/poseidon/workflows/predict-future-sales-workflow/submit/poseidon/pegasus/predict-future-sales/run0114/00/00/./xgboost_hp_tuning_group_2.000/00/00/xgboost_hp_tuning_ID0000001.meta,/home/poseidon/workflows/predict-future-sales-workflow/submit/poseidon/pegasus/predict-future-sales/run0114/00/00/./xgboost_hp_tuning_group_2.000/00/00/xgboost_hp_tuning_ID0000007.meta,/home/poseidon/workflows/predict-future-sales-workflow/submit/poseidon/pegasus/predict-future-sales/run0114/00/00/./xgboost_hp_tuning_group_2.000/00/00/xgboost_hp_tuning_ID0000004.meta,/home/poseidon/workflows/predict-future-sales-workflow/submit/poseidon/pegasus/predict-future-sales/run0114/00/00/./xgboost_hp_tuning_group_2.000/00/00/xgboost_hp_tuning_ID0000022.meta,/home/poseidon/workflows/predict-future-sales-workflow/submit/poseidon/pegasus/predict-future-sales/run0114/00/00/./xgboost_hp_tuning_group_2.000/00/00/xgboost_hp_tuning_ID0000020.meta,/home/poseidon/workflows/predict-future-sales-workflow/submit/poseidon/pegasus/predict-future-sales/run0114/00/00/./xgboost_hp_tuning_group_2.000/00/00/xgboost_hp_tuning_ID0000017.meta --insert /home/poseidon/workflows/predict-future-sales-workflow/submit/poseidon/pegasus/predict-future-sales/run0114/00/00/./xgboost_hp_tuning_group_2.000/00/00/register_condorpool_0_2.in",3.0,0,0,,,,,,,,,
stage_out_local_condorpool_1_0_pegasus-plan_ID0000020,None,transfer,0,1677155914.0,,,1677155919.0,,,0.0,1677155919.0,1677155929.0,1677155920.0,1677155924.0,1244.0,1677155929.0,1677155934.0,5.0,,0.0,10.0,5.0,,,4.0,5305.0,poseidon,local,host-10-100-100-12.openstacklocal,pegasus::transfer,/home/poseidon/pegasus-5.1.0panorama/bin/pegasus-transfer,/home/poseidon/pegasus-5.1.0panorama/bin/../bin/pegasus-kickstart  -n pegasus::transfer -N null -i - -R local  -L xgboost_hp_tuning_group_2 -T 2023-02-23T12:20:42+00:00 /home/poseidon/pegasus-5.1.0panorama/bin/../bin/pegasus-transfer  --threads 2,0.7,0,0,,,,,,,,,
register_condorpool_1_0_pegasus-plan_ID0000020,None,auxiliary,0,1677155934.0,,,1677155939.0,,,0.0,1677155939.0,1677155944.0,,,0.0,1677155944.0,1677155949.0,5.0,,0.0,5.0,5.0,,,,,poseidon,local,host-10-100-100-12.openstacklocal,pegasus::rc-client,/home/poseidon/pegasus-5.1.0panorama/bin/pegasus-rc-client,-n pegasus::rc-client -N null -R local  -L xgboost_hp_tuning_group_2 -T 2023-02-23T12:20:42+00:00 /home/poseidon/pegasus-5.1.0panorama/bin/pegasus-rc-client --prefix pegasus.catalog.replica.output --conf /home/poseidon/workflows/predict-future-sales-workflow/submit/poseidon/pegasus/predict-future-sales/run0114/00/00/./xgboost_hp_tuning_group_2.000/pegasus.11900942970612438173.properties -v --meta /home/poseidon/workflows/predict-future-sales-workflow/submit/poseidon/pegasus/predict-future-sales/run0114/00/00/./xgboost_hp_tuning_group_2.000/00/00/xgboost_best_params_ID0000024.meta --insert /home/poseidon/workflows/predict-future-sales-workflow/submit/poseidon/pegasus/predict-future-sales/run0114/00/00/./xgboost_hp_tuning_group_2.000/00/00/register_condorpool_1_0.in,2.9,0,0,,,,,,,,,
xgboost_model_ID0000021,None,compute,0,1677155950.0,,,1677155955.0,1677155923.0,1677155954.0,75206749.5,1677155964.0,1677156145.0,1677156089.0,1677156093.0,3117711.0,1677156145.0,1677156150.0,5.0,,9.0,181.0,5.0,31.0,1691152082.0,4.0,14028839.0,poseidon,condorpool,poseidon-worker-3-container-40-47,xgboost_model,/srv/xgboost_model,,784.8,0,0,0.0,1348836822.0,24449.0,5356.0,8.0,734.5,12.6,11240306.9,2444.9
stage_out_local_local_5_0,None,transfer,0,1677155950.0,,,1677155955.0,,,0.0,1677155955.0,1677155965.0,1677155955.0,1677155959.0,794.0,1677155965.0,1677155970.0,5.0,,0.0,10.0,5.0,,,4.0,3202.0,poseidon,local,host-10-100-100-12.openstacklocal,pegasus::transfer,/home/poseidon/pegasus-5.1.0panorama/bin/pegasus-transfer,pegasus-kickstart  -n pegasus::transfer -N null -i - -R local  -L predict-future-sales -T 2023-02-17T19:59:06+00:00 pegasus-transfer  --threads 2,0.3,0,0,,,,,,,,,
cleanup_predict-future-sales_0_local,None,auxiliary,0,1677155970.0,,,1677155975.0,,,0.0,1677155975.0,1677155985.0,,,0.0,1677155985.0,1677155990.0,5.0,,0.0,10.0,5.0,,,,,poseidon,local,host-10-100-100-12.openstacklocal,pegasus::cleanup,/home/poseidon/pegasus-5.1.0panorama/bin/pegasus-transfer,pegasus-kickstart  -n pegasus::cleanup -N null -i - -R local  -L predict-future-sales -T 2023-02-17T19:59:06+00:00 pegasus-transfer,0.3,0,0,,,,,,,,,
model_predict_ID0000022,None,compute,0,1677156150.0,,,1677156155.0,1677156114.0,1677156132.0,44207492.7,1677156156.0,1677156195.0,1677156141.0,1677156145.0,1271641.0,1677156195.0,1677156200.0,5.0,,1.0,39.0,5.0,18.0,409033388.0,4.0,5523764.0,poseidon,condorpool,poseidon-worker-3-container-40-47,model_predict,/srv/model_predict,,4.2,0,0,,,,,,,,,
stage_out_local_condorpool_6_0,None,transfer,0,1677156150.0,,,1677156155.0,,,0.0,1677156155.0,1677156165.0,1677156155.0,1677156159.0,3741286.0,1677156165.0,1677156170.0,5.0,,0.0,10.0,5.0,,,4.0,15090752.0,poseidon,local,host-10-100-100-12.openstacklocal,pegasus::transfer,/home/poseidon/pegasus-5.1.0panorama/bin/pegasus-transfer,pegasus-kickstart  -n pegasus::transfer -N null -i - -R local  -L predict-future-sales -T 2023-02-17T19:59:06+00:00 pegasus-transfer  --threads 2,0.9,0,0,,,,,,,,,
stage_out_local_condorpool_7_0,None,transfer,0,1677156200.0,,,1677156205.0,,,0.0,1677156205.0,1677156215.0,1677156205.0,1677156209.0,1487461.0,1677156215.0,1677156220.0,5.0,,0.0,10.0,5.0,,,4.0,6000012.0,poseidon,local,host-10-100-100-12.openstacklocal,pegasus::transfer,/home/poseidon/pegasus-5.1.0panorama/bin/pegasus-transfer,pegasus-kickstart  -n pegasus::transfer -N null -i - -R local  -L predict-future-sales -T 2023-02-17T19:59:06+00:00 pegasus-transfer  --threads 2,0.6,0,0,,,,,,,,,
predict_merge_ID0000023,None,compute,0,1677156200.0,,,1677156205.0,1677156165.0,1677156183.0,40888120.7,1677156206.0,1677156245.0,1677156190.0,1677156194.0,860641.0,1677156245.0,1677156250.0,5.0,,1.0,39.0,5.0,18.0,377176763.0,4.0,3722745.0,poseidon,condorpool,poseidon-worker-3-container-40-47,predict_merge,/srv/predict_merge,,1.3,0,0,,,,,,,,,
stage_out_local_condorpool_8_0,None,transfer,0,1677156250.0,,,1677156255.0,,,0.0,1677156255.0,1677156265.0,1677156255.0,1677156257.0,1717872.0,1677156265.0,1677156270.0,5.0,,0.0,10.0,5.0,,,2.0,3722745.0,poseidon,local,host-10-100-100-12.openstacklocal,pegasus::transfer,/home/poseidon/pegasus-5.1.0panorama/bin/pegasus-transfer,pegasus-kickstart  -n pegasus::transfer -N null -i - -R local  -L predict-future-sales -T 2023-02-17T19:59:06+00:00 pegasus-transfer  --threads 2,0.4,0,0,,,,,,,,,
cleanup_predict-future-sales_0_condorpool,None,auxiliary,0,1677156270.0,,,1677156275.0,,,0.0,1677156275.0,1677156285.0,,,0.0,1677156285.0,1677156290.0,5.0,,0.0,10.0,5.0,,,,,poseidon,local,host-10-100-100-12.openstacklocal,pegasus::cleanup,/home/poseidon/pegasus-5.1.0panorama/bin/pegasus-transfer,pegasus-kickstart  -n pegasus::cleanup -N null -i - -R local  -L predict-future-sales -T 2023-02-17T19:59:06+00:00 pegasus-transfer,0.3,0,0,,,,,,,,,
